<HTML><TITLE>cehl Team Stats</TITLE>
<!-- Generated by FHL, FHL97965278 -->
<HTML><H2>Team Statistics</H2>
<P>(As of Thursday, Oct 1 2020)</P>
<H3>Power Play</H3>
<PRE>              GP    <b>PP%</b>   PK%   PIM/G   GF/G  GA/G   SF/G   SA/G
San Jose      86   20.7  84.2    9.1    3.44  2.91   28.9   25.8
Edmonton      83   18.9  88.7    7.5    3.59  2.30   31.6   24.9
Anaheim       84   18.1  85.5    10.4   3.31  2.69   29.0   26.6
Toronto       86   17.9  87.5    7.8    2.94  2.57   26.3   27.0
Nashville     83   17.2  89.6    10.1   3.48  2.55   29.9   26.6
New Jersey    83   17.2  87.4    7.4    3.49  2.14   31.3   24.0
Boston        86   16.9  84.7    8.7    2.81  2.92   27.2   26.2
Minnesota     84   16.7  81.5    7.5    3.52  3.06   29.3   26.3
Carolina      85   16.2  86.3    8.7    3.26  2.47   28.9   24.8
Chicago       82   15.8  84.8    8.2    3.17  2.83   28.9   25.0
Colorado      83   15.3  82.7    10.6   2.67  3.22   26.7   28.3
Montreal      85   15.2  86.3    11.2   2.69  2.73   25.6   26.8
Buffalo       85   15.2  83.3    10.1   2.45  2.98   25.0   28.0
Vancouver     84   15.0  85.8    10.6   2.71  3.19   26.0   29.8
Winnipeg      86   14.7  86.2    9.8    2.58  3.19   25.0   28.4
Washington    86   14.7  87.3    8.4    2.80  2.47   27.9   26.9
Rangers       82   14.6  84.8    9.4    3.62  2.66   31.4   26.3
Pittsburgh    88   14.5  87.9    9.9    2.93  2.67   27.7   26.0
Detroit       83   14.2  78.9    9.4    2.05  4.22   23.2   33.3
Dallas        83   13.7  86.2    11.7   3.07  2.43   31.2   24.7
Columbus      83   13.6  84.0    9.8    2.96  2.61   27.2   27.1
Philly        86   13.5  82.8    12.0   2.72  3.49   24.5   29.8
Florida       83   13.1  84.6    8.0    3.24  2.60   29.9   26.5
Phoenix       87   13.0  81.7    11.8   2.09  3.91   23.7   31.2
LosAngeles    85   13.0  85.8    8.4    2.72  2.91   25.5   28.1
Ottawa        83   12.7  87.2    12.2   2.89  2.99   28.9   27.2
Tampa Bay     84   12.1  85.1    10.4   2.51  2.60   26.7   27.9
Islanders     87   11.8  80.6    10.2   2.11  3.11   24.0   29.8
St. Louis     84   11.8  89.1    9.0    2.95  2.46   27.6   25.4
Calgary       84   10.9  79.8    10.1   2.42  4.21   22.8   31.8
</PRE>
<H3>Penalty Kill</H3>
<PRE>              GP    PP%   <b>PK%</b>   PIM/G   GF/G  GA/G   SF/G   SA/G
Nashville     83   17.2  89.6    10.1   3.48  2.55   29.9   26.6
St. Louis     84   11.8  89.1    9.0    2.95  2.46   27.6   25.4
Edmonton      83   18.9  88.7    7.5    3.59  2.30   31.6   24.9
Pittsburgh    88   14.5  87.9    9.9    2.93  2.67   27.7   26.0
Toronto       86   17.9  87.5    7.8    2.94  2.57   26.3   27.0
New Jersey    83   17.2  87.4    7.4    3.49  2.14   31.3   24.0
Washington    86   14.7  87.3    8.4    2.80  2.47   27.9   26.9
Ottawa        83   12.7  87.2    12.2   2.89  2.99   28.9   27.2
Montreal      85   15.2  86.3    11.2   2.69  2.73   25.6   26.8
Carolina      85   16.2  86.3    8.7    3.26  2.47   28.9   24.8
Dallas        83   13.7  86.2    11.7   3.07  2.43   31.2   24.7
Winnipeg      86   14.7  86.2    9.8    2.58  3.19   25.0   28.4
LosAngeles    85   13.0  85.8    8.4    2.72  2.91   25.5   28.1
Vancouver     84   15.0  85.8    10.6   2.71  3.19   26.0   29.8
Anaheim       84   18.1  85.5    10.4   3.31  2.69   29.0   26.6
Tampa Bay     84   12.1  85.1    10.4   2.51  2.60   26.7   27.9
Rangers       82   14.6  84.8    9.4    3.62  2.66   31.4   26.3
Chicago       82   15.8  84.8    8.2    3.17  2.83   28.9   25.0
Boston        86   16.9  84.7    8.7    2.81  2.92   27.2   26.2
Florida       83   13.1  84.6    8.0    3.24  2.60   29.9   26.5
San Jose      86   20.7  84.2    9.1    3.44  2.91   28.9   25.8
Columbus      83   13.6  84.0    9.8    2.96  2.61   27.2   27.1
Buffalo       85   15.2  83.3    10.1   2.45  2.98   25.0   28.0
Philly        86   13.5  82.8    12.0   2.72  3.49   24.5   29.8
Colorado      83   15.3  82.7    10.6   2.67  3.22   26.7   28.3
Phoenix       87   13.0  81.7    11.8   2.09  3.91   23.7   31.2
Minnesota     84   16.7  81.5    7.5    3.52  3.06   29.3   26.3
Islanders     87   11.8  80.6    10.2   2.11  3.11   24.0   29.8
Calgary       84   10.9  79.8    10.1   2.42  4.21   22.8   31.8
Detroit       83   14.2  78.9    9.4    2.05  4.22   23.2   33.3
</PRE>
<H3>Penalty Minutes</H3>
<PRE>              GP    PP%   PK%   <b>PIM/G</b>   GF/G  GA/G   SF/G   SA/G
Ottawa        83   12.7  87.2    12.2   2.89  2.99   28.9   27.2
Philly        86   13.5  82.8    12.0   2.72  3.49   24.5   29.8
Phoenix       87   13.0  81.7    11.8   2.09  3.91   23.7   31.2
Dallas        83   13.7  86.2    11.7   3.07  2.43   31.2   24.7
Montreal      85   15.2  86.3    11.2   2.69  2.73   25.6   26.8
Vancouver     84   15.0  85.8    10.6   2.71  3.19   26.0   29.8
Colorado      83   15.3  82.7    10.6   2.67  3.22   26.7   28.3
Tampa Bay     84   12.1  85.1    10.4   2.51  2.60   26.7   27.9
Anaheim       84   18.1  85.5    10.4   3.31  2.69   29.0   26.6
Islanders     87   11.8  80.6    10.2   2.11  3.11   24.0   29.8
Calgary       84   10.9  79.8    10.1   2.42  4.21   22.8   31.8
Nashville     83   17.2  89.6    10.1   3.48  2.55   29.9   26.6
Buffalo       85   15.2  83.3    10.1   2.45  2.98   25.0   28.0
Pittsburgh    88   14.5  87.9    9.9    2.93  2.67   27.7   26.0
Winnipeg      86   14.7  86.2    9.8    2.58  3.19   25.0   28.4
Columbus      83   13.6  84.0    9.8    2.96  2.61   27.2   27.1
Rangers       82   14.6  84.8    9.4    3.62  2.66   31.4   26.3
Detroit       83   14.2  78.9    9.4    2.05  4.22   23.2   33.3
San Jose      86   20.7  84.2    9.1    3.44  2.91   28.9   25.8
St. Louis     84   11.8  89.1    9.0    2.95  2.46   27.6   25.4
Carolina      85   16.2  86.3    8.7    3.26  2.47   28.9   24.8
Boston        86   16.9  84.7    8.7    2.81  2.92   27.2   26.2
Washington    86   14.7  87.3    8.4    2.80  2.47   27.9   26.9
LosAngeles    85   13.0  85.8    8.4    2.72  2.91   25.5   28.1
Chicago       82   15.8  84.8    8.2    3.17  2.83   28.9   25.0
Florida       83   13.1  84.6    8.0    3.24  2.60   29.9   26.5
Toronto       86   17.9  87.5    7.8    2.94  2.57   26.3   27.0
Minnesota     84   16.7  81.5    7.5    3.52  3.06   29.3   26.3
Edmonton      83   18.9  88.7    7.5    3.59  2.30   31.6   24.9
New Jersey    83   17.2  87.4    7.4    3.49  2.14   31.3   24.0
</PRE>
<H3>Team Scoring</H3>
<PRE>              GP    PP%   PK%   PIM/G   <b>GF/G</b>  GA/G   SF/G   SA/G
Rangers       82   14.6  84.8    9.4    3.62  2.66   31.4   26.3
Edmonton      83   18.9  88.7    7.5    3.59  2.30   31.6   24.9
Minnesota     84   16.7  81.5    7.5    3.52  3.06   29.3   26.3
New Jersey    83   17.2  87.4    7.4    3.49  2.14   31.3   24.0
Nashville     83   17.2  89.6    10.1   3.48  2.55   29.9   26.6
San Jose      86   20.7  84.2    9.1    3.44  2.91   28.9   25.8
Anaheim       84   18.1  85.5    10.4   3.31  2.69   29.0   26.6
Carolina      85   16.2  86.3    8.7    3.26  2.47   28.9   24.8
Florida       83   13.1  84.6    8.0    3.24  2.60   29.9   26.5
Chicago       82   15.8  84.8    8.2    3.17  2.83   28.9   25.0
Dallas        83   13.7  86.2    11.7   3.07  2.43   31.2   24.7
Columbus      83   13.6  84.0    9.8    2.96  2.61   27.2   27.1
St. Louis     84   11.8  89.1    9.0    2.95  2.46   27.6   25.4
Toronto       86   17.9  87.5    7.8    2.94  2.57   26.3   27.0
Pittsburgh    88   14.5  87.9    9.9    2.93  2.67   27.7   26.0
Ottawa        83   12.7  87.2    12.2   2.89  2.99   28.9   27.2
Boston        86   16.9  84.7    8.7    2.81  2.92   27.2   26.2
Washington    86   14.7  87.3    8.4    2.80  2.47   27.9   26.9
Philly        86   13.5  82.8    12.0   2.72  3.49   24.5   29.8
LosAngeles    85   13.0  85.8    8.4    2.72  2.91   25.5   28.1
Vancouver     84   15.0  85.8    10.6   2.71  3.19   26.0   29.8
Montreal      85   15.2  86.3    11.2   2.69  2.73   25.6   26.8
Colorado      83   15.3  82.7    10.6   2.67  3.22   26.7   28.3
Winnipeg      86   14.7  86.2    9.8    2.58  3.19   25.0   28.4
Tampa Bay     84   12.1  85.1    10.4   2.51  2.60   26.7   27.9
Buffalo       85   15.2  83.3    10.1   2.45  2.98   25.0   28.0
Calgary       84   10.9  79.8    10.1   2.42  4.21   22.8   31.8
Islanders     87   11.8  80.6    10.2   2.11  3.11   24.0   29.8
Phoenix       87   13.0  81.7    11.8   2.09  3.91   23.7   31.2
Detroit       83   14.2  78.9    9.4    2.05  4.22   23.2   33.3
</PRE>
<H3>Team Defence</H3>
<PRE>              GP    PP%   PK%   PIM/G   GF/G  <b>GA/G</b>   SF/G   SA/G
New Jersey    83   17.2  87.4    7.4    3.49  2.14   31.3   24.0
Edmonton      83   18.9  88.7    7.5    3.59  2.30   31.6   24.9
Dallas        83   13.7  86.2    11.7   3.07  2.43   31.2   24.7
St. Louis     84   11.8  89.1    9.0    2.95  2.46   27.6   25.4
Washington    86   14.7  87.3    8.4    2.80  2.47   27.9   26.9
Carolina      85   16.2  86.3    8.7    3.26  2.47   28.9   24.8
Nashville     83   17.2  89.6    10.1   3.48  2.55   29.9   26.6
Toronto       86   17.9  87.5    7.8    2.94  2.57   26.3   27.0
Tampa Bay     84   12.1  85.1    10.4   2.51  2.60   26.7   27.9
Florida       83   13.1  84.6    8.0    3.24  2.60   29.9   26.5
Columbus      83   13.6  84.0    9.8    2.96  2.61   27.2   27.1
Rangers       82   14.6  84.8    9.4    3.62  2.66   31.4   26.3
Pittsburgh    88   14.5  87.9    9.9    2.93  2.67   27.7   26.0
Anaheim       84   18.1  85.5    10.4   3.31  2.69   29.0   26.6
Montreal      85   15.2  86.3    11.2   2.69  2.73   25.6   26.8
Chicago       82   15.8  84.8    8.2    3.17  2.83   28.9   25.0
LosAngeles    85   13.0  85.8    8.4    2.72  2.91   25.5   28.1
San Jose      86   20.7  84.2    9.1    3.44  2.91   28.9   25.8
Boston        86   16.9  84.7    8.7    2.81  2.92   27.2   26.2
Buffalo       85   15.2  83.3    10.1   2.45  2.98   25.0   28.0
Ottawa        83   12.7  87.2    12.2   2.89  2.99   28.9   27.2
Minnesota     84   16.7  81.5    7.5    3.52  3.06   29.3   26.3
Islanders     87   11.8  80.6    10.2   2.11  3.11   24.0   29.8
Winnipeg      86   14.7  86.2    9.8    2.58  3.19   25.0   28.4
Vancouver     84   15.0  85.8    10.6   2.71  3.19   26.0   29.8
Colorado      83   15.3  82.7    10.6   2.67  3.22   26.7   28.3
Philly        86   13.5  82.8    12.0   2.72  3.49   24.5   29.8
Phoenix       87   13.0  81.7    11.8   2.09  3.91   23.7   31.2
Calgary       84   10.9  79.8    10.1   2.42  4.21   22.8   31.8
Detroit       83   14.2  78.9    9.4    2.05  4.22   23.2   33.3
</PRE>
<H3>Shots For</H3>
<PRE>              GP    PP%   PK%   PIM/G   GF/G  GA/G   <b>SF/G</b>   SA/G
Edmonton      83   18.9  88.7    7.5    3.59  2.30   31.6   24.9
Rangers       82   14.6  84.8    9.4    3.62  2.66   31.4   26.3
New Jersey    83   17.2  87.4    7.4    3.49  2.14   31.3   24.0
Dallas        83   13.7  86.2    11.7   3.07  2.43   31.2   24.7
Nashville     83   17.2  89.6    10.1   3.48  2.55   29.9   26.6
Florida       83   13.1  84.6    8.0    3.24  2.60   29.9   26.5
Minnesota     84   16.7  81.5    7.5    3.52  3.06   29.3   26.3
Anaheim       84   18.1  85.5    10.4   3.31  2.69   29.0   26.6
Chicago       82   15.8  84.8    8.2    3.17  2.83   28.9   25.0
Ottawa        83   12.7  87.2    12.2   2.89  2.99   28.9   27.2
Carolina      85   16.2  86.3    8.7    3.26  2.47   28.9   24.8
San Jose      86   20.7  84.2    9.1    3.44  2.91   28.9   25.8
Washington    86   14.7  87.3    8.4    2.80  2.47   27.9   26.9
Pittsburgh    88   14.5  87.9    9.9    2.93  2.67   27.7   26.0
St. Louis     84   11.8  89.1    9.0    2.95  2.46   27.6   25.4
Boston        86   16.9  84.7    8.7    2.81  2.92   27.2   26.2
Columbus      83   13.6  84.0    9.8    2.96  2.61   27.2   27.1
Tampa Bay     84   12.1  85.1    10.4   2.51  2.60   26.7   27.9
Colorado      83   15.3  82.7    10.6   2.67  3.22   26.7   28.3
Toronto       86   17.9  87.5    7.8    2.94  2.57   26.3   27.0
Vancouver     84   15.0  85.8    10.6   2.71  3.19   26.0   29.8
Montreal      85   15.2  86.3    11.2   2.69  2.73   25.6   26.8
LosAngeles    85   13.0  85.8    8.4    2.72  2.91   25.5   28.1
Winnipeg      86   14.7  86.2    9.8    2.58  3.19   25.0   28.4
Buffalo       85   15.2  83.3    10.1   2.45  2.98   25.0   28.0
Philly        86   13.5  82.8    12.0   2.72  3.49   24.5   29.8
Islanders     87   11.8  80.6    10.2   2.11  3.11   24.0   29.8
Phoenix       87   13.0  81.7    11.8   2.09  3.91   23.7   31.2
Detroit       83   14.2  78.9    9.4    2.05  4.22   23.2   33.3
Calgary       84   10.9  79.8    10.1   2.42  4.21   22.8   31.8
</PRE>
<H3>Shots Against</H3>
<PRE>              GP    PP%   PK%   PIM/G   GF/G  GA/G   SF/G   <b>SA/G</b>
New Jersey    83   17.2  87.4    7.4    3.49  2.14   31.3   24.0
Dallas        83   13.7  86.2    11.7   3.07  2.43   31.2   24.7
Carolina      85   16.2  86.3    8.7    3.26  2.47   28.9   24.8
Edmonton      83   18.9  88.7    7.5    3.59  2.30   31.6   24.9
Chicago       82   15.8  84.8    8.2    3.17  2.83   28.9   25.0
St. Louis     84   11.8  89.1    9.0    2.95  2.46   27.6   25.4
San Jose      86   20.7  84.2    9.1    3.44  2.91   28.9   25.8
Pittsburgh    88   14.5  87.9    9.9    2.93  2.67   27.7   26.0
Boston        86   16.9  84.7    8.7    2.81  2.92   27.2   26.2
Rangers       82   14.6  84.8    9.4    3.62  2.66   31.4   26.3
Minnesota     84   16.7  81.5    7.5    3.52  3.06   29.3   26.3
Florida       83   13.1  84.6    8.0    3.24  2.60   29.9   26.5
Anaheim       84   18.1  85.5    10.4   3.31  2.69   29.0   26.6
Nashville     83   17.2  89.6    10.1   3.48  2.55   29.9   26.6
Montreal      85   15.2  86.3    11.2   2.69  2.73   25.6   26.8
Washington    86   14.7  87.3    8.4    2.80  2.47   27.9   26.9
Toronto       86   17.9  87.5    7.8    2.94  2.57   26.3   27.0
Columbus      83   13.6  84.0    9.8    2.96  2.61   27.2   27.1
Ottawa        83   12.7  87.2    12.2   2.89  2.99   28.9   27.2
Tampa Bay     84   12.1  85.1    10.4   2.51  2.60   26.7   27.9
Buffalo       85   15.2  83.3    10.1   2.45  2.98   25.0   28.0
LosAngeles    85   13.0  85.8    8.4    2.72  2.91   25.5   28.1
Colorado      83   15.3  82.7    10.6   2.67  3.22   26.7   28.3
Winnipeg      86   14.7  86.2    9.8    2.58  3.19   25.0   28.4
Islanders     87   11.8  80.6    10.2   2.11  3.11   24.0   29.8
Vancouver     84   15.0  85.8    10.6   2.71  3.19   26.0   29.8
Philly        86   13.5  82.8    12.0   2.72  3.49   24.5   29.8
Phoenix       87   13.0  81.7    11.8   2.09  3.91   23.7   31.2
Calgary       84   10.9  79.8    10.1   2.42  4.21   22.8   31.8
Detroit       83   14.2  78.9    9.4    2.05  4.22   23.2   33.3
</PRE>
</HTML>
