<HTML><TITLE>cehl Team Stats</TITLE>
<!-- Generated by FHL, FHL97965278 -->
<HTML><H2>Team Statistics</H2>
<P>(As of Tuesday, Jun 9 2020)</P>
<H3>Power Play</H3>
<PRE>              GP    <b>PP%</b>   PK%   PIM/G   GF/G  GA/G   SF/G   SA/G
Toronto       21   25.0  85.2    8.3    3.29  2.38   26.3   29.2
Edmonton      21   21.8  86.9    8.5    3.57  1.95   29.1   25.4
New Jersey    21   20.6  94.7    8.0    3.81  2.00   31.3   23.3
Chicago       21   19.6  88.0    7.3    3.24  2.52   28.6   24.8
Boston        22   18.7  88.4    8.5    3.50  3.05   29.0   27.0
Phoenix       23   18.3  86.0    11.2   2.39  4.00   22.3   32.3
San Jose      22   17.6  76.9    9.0    3.86  2.82   29.5   24.9
Calgary       24   15.2  80.2    10.1   2.00  4.25   21.1   29.6
Ottawa        21   15.0  91.9    14.4   2.76  3.10   29.0   28.0
Carolina      23   15.0  87.2    7.0    3.17  2.13   29.9   22.2
Anaheim       22   14.5  84.8    11.8   2.91  2.41   29.0   27.0
Minnesota     21   14.4  79.1    10.0   3.19  2.90   29.7   26.4
Buffalo       23   14.2  83.6    6.1    2.65  2.87   26.3   25.4
Vancouver     21   14.0  87.5    10.2   2.14  3.57   25.9   28.9
Philly        23   13.6  81.8    10.0   3.13  3.30   25.4   27.6
Florida       21   13.1  88.0    8.3    2.86  2.90   29.9   27.6
Columbus      21   12.9  86.7    9.8    2.67  2.52   26.9   26.2
Dallas        21   12.6  89.2    11.6   3.00  2.48   31.1   24.6
Washington    21   12.5  85.9    7.3    3.14  2.95   30.0   27.7
Pittsburgh    21   12.5  87.0    9.4    2.81  2.95   28.8   27.8
St. Louis     21   12.3  94.4    7.6    2.90  2.10   27.5   25.3
Tampa Bay     22   12.2  81.6    10.0   2.68  2.82   25.4   27.2
Winnipeg      22   12.1  86.1    11.0   2.45  3.09   25.7   27.7
Colorado      22   10.9  77.0    8.6    3.23  2.86   28.0   27.3
Montreal      23   10.4  90.0    13.4   2.00  2.87   21.4   26.0
Islanders     21   9.6   83.8    11.9   1.86  3.19   24.9   32.0
Detroit       21   9.5   75.3    8.5    1.71  3.90   22.1   35.6
Nashville     21   9.4   96.6    7.5    3.48  2.62   28.3   27.0
LosAngeles    21   7.5   90.6    9.3    2.81  2.76   26.3   28.9
Rangers       21   6.2   87.7    8.7    3.10  2.62   30.7   25.0
</PRE>
<H3>Penalty Kill</H3>
<PRE>              GP    PP%   <b>PK%</b>   PIM/G   GF/G  GA/G   SF/G   SA/G
Nashville     21   9.4   96.6    7.5    3.48  2.62   28.3   27.0
New Jersey    21   20.6  94.7    8.0    3.81  2.00   31.3   23.3
St. Louis     21   12.3  94.4    7.6    2.90  2.10   27.5   25.3
Ottawa        21   15.0  91.9    14.4   2.76  3.10   29.0   28.0
LosAngeles    21   7.5   90.6    9.3    2.81  2.76   26.3   28.9
Montreal      23   10.4  90.0    13.4   2.00  2.87   21.4   26.0
Dallas        21   12.6  89.2    11.6   3.00  2.48   31.1   24.6
Boston        22   18.7  88.4    8.5    3.50  3.05   29.0   27.0
Florida       21   13.1  88.0    8.3    2.86  2.90   29.9   27.6
Chicago       21   19.6  88.0    7.3    3.24  2.52   28.6   24.8
Rangers       21   6.2   87.7    8.7    3.10  2.62   30.7   25.0
Vancouver     21   14.0  87.5    10.2   2.14  3.57   25.9   28.9
Carolina      23   15.0  87.2    7.0    3.17  2.13   29.9   22.2
Pittsburgh    21   12.5  87.0    9.4    2.81  2.95   28.8   27.8
Edmonton      21   21.8  86.9    8.5    3.57  1.95   29.1   25.4
Columbus      21   12.9  86.7    9.8    2.67  2.52   26.9   26.2
Winnipeg      22   12.1  86.1    11.0   2.45  3.09   25.7   27.7
Phoenix       23   18.3  86.0    11.2   2.39  4.00   22.3   32.3
Washington    21   12.5  85.9    7.3    3.14  2.95   30.0   27.7
Toronto       21   25.0  85.2    8.3    3.29  2.38   26.3   29.2
Anaheim       22   14.5  84.8    11.8   2.91  2.41   29.0   27.0
Islanders     21   9.6   83.8    11.9   1.86  3.19   24.9   32.0
Buffalo       23   14.2  83.6    6.1    2.65  2.87   26.3   25.4
Philly        23   13.6  81.8    10.0   3.13  3.30   25.4   27.6
Tampa Bay     22   12.2  81.6    10.0   2.68  2.82   25.4   27.2
Calgary       24   15.2  80.2    10.1   2.00  4.25   21.1   29.6
Minnesota     21   14.4  79.1    10.0   3.19  2.90   29.7   26.4
Colorado      22   10.9  77.0    8.6    3.23  2.86   28.0   27.3
San Jose      22   17.6  76.9    9.0    3.86  2.82   29.5   24.9
Detroit       21   9.5   75.3    8.5    1.71  3.90   22.1   35.6
</PRE>
<H3>Penalty Minutes</H3>
<PRE>              GP    PP%   PK%   <b>PIM/G</b>   GF/G  GA/G   SF/G   SA/G
Ottawa        21   15.0  91.9    14.4   2.76  3.10   29.0   28.0
Montreal      23   10.4  90.0    13.4   2.00  2.87   21.4   26.0
Islanders     21   9.6   83.8    11.9   1.86  3.19   24.9   32.0
Anaheim       22   14.5  84.8    11.8   2.91  2.41   29.0   27.0
Dallas        21   12.6  89.2    11.6   3.00  2.48   31.1   24.6
Phoenix       23   18.3  86.0    11.2   2.39  4.00   22.3   32.3
Winnipeg      22   12.1  86.1    11.0   2.45  3.09   25.7   27.7
Vancouver     21   14.0  87.5    10.2   2.14  3.57   25.9   28.9
Calgary       24   15.2  80.2    10.1   2.00  4.25   21.1   29.6
Minnesota     21   14.4  79.1    10.0   3.19  2.90   29.7   26.4
Tampa Bay     22   12.2  81.6    10.0   2.68  2.82   25.4   27.2
Philly        23   13.6  81.8    10.0   3.13  3.30   25.4   27.6
Columbus      21   12.9  86.7    9.8    2.67  2.52   26.9   26.2
Pittsburgh    21   12.5  87.0    9.4    2.81  2.95   28.8   27.8
LosAngeles    21   7.5   90.6    9.3    2.81  2.76   26.3   28.9
San Jose      22   17.6  76.9    9.0    3.86  2.82   29.5   24.9
Rangers       21   6.2   87.7    8.7    3.10  2.62   30.7   25.0
Colorado      22   10.9  77.0    8.6    3.23  2.86   28.0   27.3
Boston        22   18.7  88.4    8.5    3.50  3.05   29.0   27.0
Edmonton      21   21.8  86.9    8.5    3.57  1.95   29.1   25.4
Detroit       21   9.5   75.3    8.5    1.71  3.90   22.1   35.6
Toronto       21   25.0  85.2    8.3    3.29  2.38   26.3   29.2
Florida       21   13.1  88.0    8.3    2.86  2.90   29.9   27.6
New Jersey    21   20.6  94.7    8.0    3.81  2.00   31.3   23.3
St. Louis     21   12.3  94.4    7.6    2.90  2.10   27.5   25.3
Nashville     21   9.4   96.6    7.5    3.48  2.62   28.3   27.0
Washington    21   12.5  85.9    7.3    3.14  2.95   30.0   27.7
Chicago       21   19.6  88.0    7.3    3.24  2.52   28.6   24.8
Carolina      23   15.0  87.2    7.0    3.17  2.13   29.9   22.2
Buffalo       23   14.2  83.6    6.1    2.65  2.87   26.3   25.4
</PRE>
<H3>Team Scoring</H3>
<PRE>              GP    PP%   PK%   PIM/G   <b>GF/G</b>  GA/G   SF/G   SA/G
San Jose      22   17.6  76.9    9.0    3.86  2.82   29.5   24.9
New Jersey    21   20.6  94.7    8.0    3.81  2.00   31.3   23.3
Edmonton      21   21.8  86.9    8.5    3.57  1.95   29.1   25.4
Boston        22   18.7  88.4    8.5    3.50  3.05   29.0   27.0
Nashville     21   9.4   96.6    7.5    3.48  2.62   28.3   27.0
Toronto       21   25.0  85.2    8.3    3.29  2.38   26.3   29.2
Chicago       21   19.6  88.0    7.3    3.24  2.52   28.6   24.8
Colorado      22   10.9  77.0    8.6    3.23  2.86   28.0   27.3
Minnesota     21   14.4  79.1    10.0   3.19  2.90   29.7   26.4
Carolina      23   15.0  87.2    7.0    3.17  2.13   29.9   22.2
Washington    21   12.5  85.9    7.3    3.14  2.95   30.0   27.7
Philly        23   13.6  81.8    10.0   3.13  3.30   25.4   27.6
Rangers       21   6.2   87.7    8.7    3.10  2.62   30.7   25.0
Dallas        21   12.6  89.2    11.6   3.00  2.48   31.1   24.6
Anaheim       22   14.5  84.8    11.8   2.91  2.41   29.0   27.0
St. Louis     21   12.3  94.4    7.6    2.90  2.10   27.5   25.3
Florida       21   13.1  88.0    8.3    2.86  2.90   29.9   27.6
Pittsburgh    21   12.5  87.0    9.4    2.81  2.95   28.8   27.8
LosAngeles    21   7.5   90.6    9.3    2.81  2.76   26.3   28.9
Ottawa        21   15.0  91.9    14.4   2.76  3.10   29.0   28.0
Tampa Bay     22   12.2  81.6    10.0   2.68  2.82   25.4   27.2
Columbus      21   12.9  86.7    9.8    2.67  2.52   26.9   26.2
Buffalo       23   14.2  83.6    6.1    2.65  2.87   26.3   25.4
Winnipeg      22   12.1  86.1    11.0   2.45  3.09   25.7   27.7
Phoenix       23   18.3  86.0    11.2   2.39  4.00   22.3   32.3
Vancouver     21   14.0  87.5    10.2   2.14  3.57   25.9   28.9
Montreal      23   10.4  90.0    13.4   2.00  2.87   21.4   26.0
Calgary       24   15.2  80.2    10.1   2.00  4.25   21.1   29.6
Islanders     21   9.6   83.8    11.9   1.86  3.19   24.9   32.0
Detroit       21   9.5   75.3    8.5    1.71  3.90   22.1   35.6
</PRE>
<H3>Team Defence</H3>
<PRE>              GP    PP%   PK%   PIM/G   GF/G  <b>GA/G</b>   SF/G   SA/G
Edmonton      21   21.8  86.9    8.5    3.57  1.95   29.1   25.4
New Jersey    21   20.6  94.7    8.0    3.81  2.00   31.3   23.3
St. Louis     21   12.3  94.4    7.6    2.90  2.10   27.5   25.3
Carolina      23   15.0  87.2    7.0    3.17  2.13   29.9   22.2
Toronto       21   25.0  85.2    8.3    3.29  2.38   26.3   29.2
Anaheim       22   14.5  84.8    11.8   2.91  2.41   29.0   27.0
Dallas        21   12.6  89.2    11.6   3.00  2.48   31.1   24.6
Chicago       21   19.6  88.0    7.3    3.24  2.52   28.6   24.8
Columbus      21   12.9  86.7    9.8    2.67  2.52   26.9   26.2
Nashville     21   9.4   96.6    7.5    3.48  2.62   28.3   27.0
Rangers       21   6.2   87.7    8.7    3.10  2.62   30.7   25.0
LosAngeles    21   7.5   90.6    9.3    2.81  2.76   26.3   28.9
San Jose      22   17.6  76.9    9.0    3.86  2.82   29.5   24.9
Tampa Bay     22   12.2  81.6    10.0   2.68  2.82   25.4   27.2
Colorado      22   10.9  77.0    8.6    3.23  2.86   28.0   27.3
Buffalo       23   14.2  83.6    6.1    2.65  2.87   26.3   25.4
Montreal      23   10.4  90.0    13.4   2.00  2.87   21.4   26.0
Florida       21   13.1  88.0    8.3    2.86  2.90   29.9   27.6
Minnesota     21   14.4  79.1    10.0   3.19  2.90   29.7   26.4
Pittsburgh    21   12.5  87.0    9.4    2.81  2.95   28.8   27.8
Washington    21   12.5  85.9    7.3    3.14  2.95   30.0   27.7
Boston        22   18.7  88.4    8.5    3.50  3.05   29.0   27.0
Winnipeg      22   12.1  86.1    11.0   2.45  3.09   25.7   27.7
Ottawa        21   15.0  91.9    14.4   2.76  3.10   29.0   28.0
Islanders     21   9.6   83.8    11.9   1.86  3.19   24.9   32.0
Philly        23   13.6  81.8    10.0   3.13  3.30   25.4   27.6
Vancouver     21   14.0  87.5    10.2   2.14  3.57   25.9   28.9
Detroit       21   9.5   75.3    8.5    1.71  3.90   22.1   35.6
Phoenix       23   18.3  86.0    11.2   2.39  4.00   22.3   32.3
Calgary       24   15.2  80.2    10.1   2.00  4.25   21.1   29.6
</PRE>
<H3>Shots For</H3>
<PRE>              GP    PP%   PK%   PIM/G   GF/G  GA/G   <b>SF/G</b>   SA/G
New Jersey    21   20.6  94.7    8.0    3.81  2.00   31.3   23.3
Dallas        21   12.6  89.2    11.6   3.00  2.48   31.1   24.6
Rangers       21   6.2   87.7    8.7    3.10  2.62   30.7   25.0
Washington    21   12.5  85.9    7.3    3.14  2.95   30.0   27.7
Florida       21   13.1  88.0    8.3    2.86  2.90   29.9   27.6
Carolina      23   15.0  87.2    7.0    3.17  2.13   29.9   22.2
Minnesota     21   14.4  79.1    10.0   3.19  2.90   29.7   26.4
San Jose      22   17.6  76.9    9.0    3.86  2.82   29.5   24.9
Edmonton      21   21.8  86.9    8.5    3.57  1.95   29.1   25.4
Boston        22   18.7  88.4    8.5    3.50  3.05   29.0   27.0
Ottawa        21   15.0  91.9    14.4   2.76  3.10   29.0   28.0
Anaheim       22   14.5  84.8    11.8   2.91  2.41   29.0   27.0
Pittsburgh    21   12.5  87.0    9.4    2.81  2.95   28.8   27.8
Chicago       21   19.6  88.0    7.3    3.24  2.52   28.6   24.8
Nashville     21   9.4   96.6    7.5    3.48  2.62   28.3   27.0
Colorado      22   10.9  77.0    8.6    3.23  2.86   28.0   27.3
St. Louis     21   12.3  94.4    7.6    2.90  2.10   27.5   25.3
Columbus      21   12.9  86.7    9.8    2.67  2.52   26.9   26.2
Toronto       21   25.0  85.2    8.3    3.29  2.38   26.3   29.2
LosAngeles    21   7.5   90.6    9.3    2.81  2.76   26.3   28.9
Buffalo       23   14.2  83.6    6.1    2.65  2.87   26.3   25.4
Vancouver     21   14.0  87.5    10.2   2.14  3.57   25.9   28.9
Winnipeg      22   12.1  86.1    11.0   2.45  3.09   25.7   27.7
Philly        23   13.6  81.8    10.0   3.13  3.30   25.4   27.6
Tampa Bay     22   12.2  81.6    10.0   2.68  2.82   25.4   27.2
Islanders     21   9.6   83.8    11.9   1.86  3.19   24.9   32.0
Phoenix       23   18.3  86.0    11.2   2.39  4.00   22.3   32.3
Detroit       21   9.5   75.3    8.5    1.71  3.90   22.1   35.6
Montreal      23   10.4  90.0    13.4   2.00  2.87   21.4   26.0
Calgary       24   15.2  80.2    10.1   2.00  4.25   21.1   29.6
</PRE>
<H3>Shots Against</H3>
<PRE>              GP    PP%   PK%   PIM/G   GF/G  GA/G   SF/G   <b>SA/G</b>
Carolina      23   15.0  87.2    7.0    3.17  2.13   29.9   22.2
New Jersey    21   20.6  94.7    8.0    3.81  2.00   31.3   23.3
Dallas        21   12.6  89.2    11.6   3.00  2.48   31.1   24.6
Chicago       21   19.6  88.0    7.3    3.24  2.52   28.6   24.8
San Jose      22   17.6  76.9    9.0    3.86  2.82   29.5   24.9
Rangers       21   6.2   87.7    8.7    3.10  2.62   30.7   25.0
St. Louis     21   12.3  94.4    7.6    2.90  2.10   27.5   25.3
Edmonton      21   21.8  86.9    8.5    3.57  1.95   29.1   25.4
Buffalo       23   14.2  83.6    6.1    2.65  2.87   26.3   25.4
Montreal      23   10.4  90.0    13.4   2.00  2.87   21.4   26.0
Columbus      21   12.9  86.7    9.8    2.67  2.52   26.9   26.2
Minnesota     21   14.4  79.1    10.0   3.19  2.90   29.7   26.4
Nashville     21   9.4   96.6    7.5    3.48  2.62   28.3   27.0
Anaheim       22   14.5  84.8    11.8   2.91  2.41   29.0   27.0
Boston        22   18.7  88.4    8.5    3.50  3.05   29.0   27.0
Tampa Bay     22   12.2  81.6    10.0   2.68  2.82   25.4   27.2
Colorado      22   10.9  77.0    8.6    3.23  2.86   28.0   27.3
Philly        23   13.6  81.8    10.0   3.13  3.30   25.4   27.6
Florida       21   13.1  88.0    8.3    2.86  2.90   29.9   27.6
Winnipeg      22   12.1  86.1    11.0   2.45  3.09   25.7   27.7
Washington    21   12.5  85.9    7.3    3.14  2.95   30.0   27.7
Pittsburgh    21   12.5  87.0    9.4    2.81  2.95   28.8   27.8
Ottawa        21   15.0  91.9    14.4   2.76  3.10   29.0   28.0
LosAngeles    21   7.5   90.6    9.3    2.81  2.76   26.3   28.9
Vancouver     21   14.0  87.5    10.2   2.14  3.57   25.9   28.9
Toronto       21   25.0  85.2    8.3    3.29  2.38   26.3   29.2
Calgary       24   15.2  80.2    10.1   2.00  4.25   21.1   29.6
Islanders     21   9.6   83.8    11.9   1.86  3.19   24.9   32.0
Phoenix       23   18.3  86.0    11.2   2.39  4.00   22.3   32.3
Detroit       21   9.5   75.3    8.5    1.71  3.90   22.1   35.6
</PRE>
</HTML>
