<HTML><TITLE>cehlPLF Team Stats</TITLE>
<!-- Generated by FHL, FHL97965278 -->
<HTML><H2>Team Statistics</H2>
<P>(As of Thursday, Oct 22 2020)</P>
<H3>Power Play</H3>
<PRE>              GP    <b>PP%</b>   PK%   PIM/G   GF/G  GA/G   SF/G   SA/G
Chicago       6    18.1  72.7    12.6   3.67  4.00   26.0   32.6
Edmonton      28   16.0  83.3    8.6    2.96  2.57   27.0   24.0
Tampa Bay     13   14.6  85.7    8.3    2.62  2.31   24.6   27.3
Anaheim       18   14.2  85.7    9.1    3.39  3.00   28.2   28.5
Rangers       9    13.0  89.4    6.7    2.44  2.22   21.7   23.5
Nashville     16   12.1  88.6    10.6   2.56  2.88   23.6   24.3
Toronto       28   11.9  89.5    9.1    2.25  2.50   26.2   26.6
Florida       12   11.1  96.8    7.7    2.25  1.92   23.8   20.2
Minnesota     13   10.2  94.1    8.5    3.31  2.54   27.9   28.3
San Jose      6    10.0  90.9    10.6   2.50  3.50   27.1   28.6
New Jersey    6    10.0  85.0    11.6   2.67  3.67   27.8   28.8
Pittsburgh    8    9.5   83.3    8.2    2.00  2.00   25.0   22.7
St. Louis     7    9.0   88.0    17.5   2.71  3.14   26.5   28.7
Washington    20   8.3   94.2    9.8    2.95  2.50   27.4   26.2
Carolina      5    5.2   81.2    9.0    1.40  3.60   21.6   29.6
Dallas        5    0.0   95.0    14.2   2.60  4.00   35.4   31.0
</PRE>
<H3>Penalty Kill</H3>
<PRE>              GP    PP%   <b>PK%</b>   PIM/G   GF/G  GA/G   SF/G   SA/G
Florida       12   11.1  96.8    7.7    2.25  1.92   23.8   20.2
Dallas        5    0.0   95.0    14.2   2.60  4.00   35.4   31.0
Washington    20   8.3   94.2    9.8    2.95  2.50   27.4   26.2
Minnesota     13   10.2  94.1    8.5    3.31  2.54   27.9   28.3
San Jose      6    10.0  90.9    10.6   2.50  3.50   27.1   28.6
Toronto       28   11.9  89.5    9.1    2.25  2.50   26.2   26.6
Rangers       9    13.0  89.4    6.7    2.44  2.22   21.7   23.5
Nashville     16   12.1  88.6    10.6   2.56  2.88   23.6   24.3
St. Louis     7    9.0   88.0    17.5   2.71  3.14   26.5   28.7
Tampa Bay     13   14.6  85.7    8.3    2.62  2.31   24.6   27.3
Anaheim       18   14.2  85.7    9.1    3.39  3.00   28.2   28.5
New Jersey    6    10.0  85.0    11.6   2.67  3.67   27.8   28.8
Pittsburgh    8    9.5   83.3    8.2    2.00  2.00   25.0   22.7
Edmonton      28   16.0  83.3    8.6    2.96  2.57   27.0   24.0
Carolina      5    5.2   81.2    9.0    1.40  3.60   21.6   29.6
Chicago       6    18.1  72.7    12.6   3.67  4.00   26.0   32.6
</PRE>
<H3>Penalty Minutes</H3>
<PRE>              GP    PP%   PK%   <b>PIM/G</b>   GF/G  GA/G   SF/G   SA/G
St. Louis     7    9.0   88.0    17.5   2.71  3.14   26.5   28.7
Dallas        5    0.0   95.0    14.2   2.60  4.00   35.4   31.0
Chicago       6    18.1  72.7    12.6   3.67  4.00   26.0   32.6
New Jersey    6    10.0  85.0    11.6   2.67  3.67   27.8   28.8
San Jose      6    10.0  90.9    10.6   2.50  3.50   27.1   28.6
Nashville     16   12.1  88.6    10.6   2.56  2.88   23.6   24.3
Washington    20   8.3   94.2    9.8    2.95  2.50   27.4   26.2
Anaheim       18   14.2  85.7    9.1    3.39  3.00   28.2   28.5
Toronto       28   11.9  89.5    9.1    2.25  2.50   26.2   26.6
Carolina      5    5.2   81.2    9.0    1.40  3.60   21.6   29.6
Edmonton      28   16.0  83.3    8.6    2.96  2.57   27.0   24.0
Minnesota     13   10.2  94.1    8.5    3.31  2.54   27.9   28.3
Tampa Bay     13   14.6  85.7    8.3    2.62  2.31   24.6   27.3
Pittsburgh    8    9.5   83.3    8.2    2.00  2.00   25.0   22.7
Florida       12   11.1  96.8    7.7    2.25  1.92   23.8   20.2
Rangers       9    13.0  89.4    6.7    2.44  2.22   21.7   23.5
</PRE>
<H3>Team Scoring</H3>
<PRE>              GP    PP%   PK%   PIM/G   <b>GF/G</b>  GA/G   SF/G   SA/G
Chicago       6    18.1  72.7    12.6   3.67  4.00   26.0   32.6
Anaheim       18   14.2  85.7    9.1    3.39  3.00   28.2   28.5
Minnesota     13   10.2  94.1    8.5    3.31  2.54   27.9   28.3
Edmonton      28   16.0  83.3    8.6    2.96  2.57   27.0   24.0
Washington    20   8.3   94.2    9.8    2.95  2.50   27.4   26.2
St. Louis     7    9.0   88.0    17.5   2.71  3.14   26.5   28.7
New Jersey    6    10.0  85.0    11.6   2.67  3.67   27.8   28.8
Tampa Bay     13   14.6  85.7    8.3    2.62  2.31   24.6   27.3
Dallas        5    0.0   95.0    14.2   2.60  4.00   35.4   31.0
Nashville     16   12.1  88.6    10.6   2.56  2.88   23.6   24.3
San Jose      6    10.0  90.9    10.6   2.50  3.50   27.1   28.6
Rangers       9    13.0  89.4    6.7    2.44  2.22   21.7   23.5
Toronto       28   11.9  89.5    9.1    2.25  2.50   26.2   26.6
Florida       12   11.1  96.8    7.7    2.25  1.92   23.8   20.2
Pittsburgh    8    9.5   83.3    8.2    2.00  2.00   25.0   22.7
Carolina      5    5.2   81.2    9.0    1.40  3.60   21.6   29.6
</PRE>
<H3>Team Defence</H3>
<PRE>              GP    PP%   PK%   PIM/G   GF/G  <b>GA/G</b>   SF/G   SA/G
Florida       12   11.1  96.8    7.7    2.25  1.92   23.8   20.2
Pittsburgh    8    9.5   83.3    8.2    2.00  2.00   25.0   22.7
Rangers       9    13.0  89.4    6.7    2.44  2.22   21.7   23.5
Tampa Bay     13   14.6  85.7    8.3    2.62  2.31   24.6   27.3
Toronto       28   11.9  89.5    9.1    2.25  2.50   26.2   26.6
Washington    20   8.3   94.2    9.8    2.95  2.50   27.4   26.2
Minnesota     13   10.2  94.1    8.5    3.31  2.54   27.9   28.3
Edmonton      28   16.0  83.3    8.6    2.96  2.57   27.0   24.0
Nashville     16   12.1  88.6    10.6   2.56  2.88   23.6   24.3
Anaheim       18   14.2  85.7    9.1    3.39  3.00   28.2   28.5
St. Louis     7    9.0   88.0    17.5   2.71  3.14   26.5   28.7
San Jose      6    10.0  90.9    10.6   2.50  3.50   27.1   28.6
Carolina      5    5.2   81.2    9.0    1.40  3.60   21.6   29.6
New Jersey    6    10.0  85.0    11.6   2.67  3.67   27.8   28.8
Chicago       6    18.1  72.7    12.6   3.67  4.00   26.0   32.6
Dallas        5    0.0   95.0    14.2   2.60  4.00   35.4   31.0
</PRE>
<H3>Shots For</H3>
<PRE>              GP    PP%   PK%   PIM/G   GF/G  GA/G   <b>SF/G</b>   SA/G
Dallas        5    0.0   95.0    14.2   2.60  4.00   35.4   31.0
Anaheim       18   14.2  85.7    9.1    3.39  3.00   28.2   28.5
Minnesota     13   10.2  94.1    8.5    3.31  2.54   27.9   28.3
New Jersey    6    10.0  85.0    11.6   2.67  3.67   27.8   28.8
Washington    20   8.3   94.2    9.8    2.95  2.50   27.4   26.2
San Jose      6    10.0  90.9    10.6   2.50  3.50   27.1   28.6
Edmonton      28   16.0  83.3    8.6    2.96  2.57   27.0   24.0
St. Louis     7    9.0   88.0    17.5   2.71  3.14   26.5   28.7
Toronto       28   11.9  89.5    9.1    2.25  2.50   26.2   26.6
Chicago       6    18.1  72.7    12.6   3.67  4.00   26.0   32.6
Pittsburgh    8    9.5   83.3    8.2    2.00  2.00   25.0   22.7
Tampa Bay     13   14.6  85.7    8.3    2.62  2.31   24.6   27.3
Florida       12   11.1  96.8    7.7    2.25  1.92   23.8   20.2
Nashville     16   12.1  88.6    10.6   2.56  2.88   23.6   24.3
Rangers       9    13.0  89.4    6.7    2.44  2.22   21.7   23.5
Carolina      5    5.2   81.2    9.0    1.40  3.60   21.6   29.6
</PRE>
<H3>Shots Against</H3>
<PRE>              GP    PP%   PK%   PIM/G   GF/G  GA/G   SF/G   <b>SA/G</b>
Florida       12   11.1  96.8    7.7    2.25  1.92   23.8   20.2
Pittsburgh    8    9.5   83.3    8.2    2.00  2.00   25.0   22.7
Rangers       9    13.0  89.4    6.7    2.44  2.22   21.7   23.5
Edmonton      28   16.0  83.3    8.6    2.96  2.57   27.0   24.0
Nashville     16   12.1  88.6    10.6   2.56  2.88   23.6   24.3
Washington    20   8.3   94.2    9.8    2.95  2.50   27.4   26.2
Toronto       28   11.9  89.5    9.1    2.25  2.50   26.2   26.6
Tampa Bay     13   14.6  85.7    8.3    2.62  2.31   24.6   27.3
Minnesota     13   10.2  94.1    8.5    3.31  2.54   27.9   28.3
Anaheim       18   14.2  85.7    9.1    3.39  3.00   28.2   28.5
San Jose      6    10.0  90.9    10.6   2.50  3.50   27.1   28.6
St. Louis     7    9.0   88.0    17.5   2.71  3.14   26.5   28.7
New Jersey    6    10.0  85.0    11.6   2.67  3.67   27.8   28.8
Carolina      5    5.2   81.2    9.0    1.40  3.60   21.6   29.6
Dallas        5    0.0   95.0    14.2   2.60  4.00   35.4   31.0
Chicago       6    18.1  72.7    12.6   3.67  4.00   26.0   32.6
</PRE>
</HTML>
