<HTML><TITLE>cehl Team Stats</TITLE>
<!-- Generated by FHL, FHL97965278 -->
<HTML><H2>Team Statistics</H2>
<P>(As of Monday, Mar 18 2019)</P>
<H3>Power Play</H3>
<PRE>              GP    <b>PP%</b>   PK%   PIM/G   GF/G  GA/G   SF/G   SA/G
Chicago       82   21.9  84.3    9.0    3.38  2.48   30.0   26.9
Washington    86   20.9  85.7    3.2    3.52  2.22   28.8   25.4
Montreal      84   20.3  94.0    6.2    3.14  2.45   29.2   26.9
Winnipeg      84   20.1  81.0    3.7    2.74  3.05   26.8   30.1
Ottawa        84   18.8  86.9    6.6    3.00  2.81   28.6   27.0
Islanders     85   18.6  84.8    7.2    2.40  3.13   26.6   29.7
Rangers       86   18.1  91.2    4.8    3.17  2.49   28.4   26.7
Columbus      84   17.3  89.9    5.1    2.82  2.70   26.6   28.2
LosAngeles    86   16.7  85.1    5.0    3.00  3.00   27.3   27.3
Pittsburgh    88   16.6  87.5    5.6    2.80  2.45   27.3   26.2
Calgary       84   16.0  69.3    4.0    2.12  4.40   24.5   31.0
Vancouver     85   16.0  89.2    5.2    3.19  2.78   28.0   26.5
Tampa Bay     82   16.0  86.2    4.1    3.10  2.87   30.1   28.5
Toronto       86   15.8  81.6    4.0    2.52  3.23   26.4   27.5
Anaheim       85   15.7  84.2    2.8    3.34  2.56   28.9   26.6
New Jersey    84   15.6  85.6    5.7    3.10  2.57   29.5   26.3
Minnesota     85   15.5  80.5    4.6    3.20  2.94   29.5   26.6
Philly        85   15.3  83.5    4.9    2.84  3.33   26.8   29.1
San Jose      83   15.0  82.5    8.1    2.96  2.94   28.7   27.6
Dallas        86   14.7  84.1    7.2    3.21  2.97   28.5   26.3
Boston        87   14.4  84.7    2.4    3.08  2.72   26.5   27.1
Colorado      85   14.4  80.8    7.3    2.82  3.19   26.7   28.6
Nashville     84   14.1  86.1    3.4    3.23  2.81   28.9   26.1
Edmonton      83   14.0  88.7    3.8    3.17  2.58   29.6   28.5
St. Louis     86   13.3  83.3    3.4    2.51  2.77   26.5   26.4
Florida       84   12.4  78.7    4.8    2.79  3.19   28.3   28.3
Phoenix       83   12.0  82.2    6.0    2.71  3.33   26.9   29.3
Detroit       85   11.5  80.1    5.6    2.22  3.76   24.1   31.1
Carolina      84   9.0   85.0    4.4    3.11  2.55   28.4   27.7
Buffalo       85   8.8   81.9    7.2    2.46  3.38   26.1   29.1
</PRE>
<H3>Penalty Kill</H3>
<PRE>              GP    PP%   <b>PK%</b>   PIM/G   GF/G  GA/G   SF/G   SA/G
Montreal      84   20.3  94.0    6.2    3.14  2.45   29.2   26.9
Rangers       86   18.1  91.2    4.8    3.17  2.49   28.4   26.7
Columbus      84   17.3  89.9    5.1    2.82  2.70   26.6   28.2
Vancouver     85   16.0  89.2    5.2    3.19  2.78   28.0   26.5
Edmonton      83   14.0  88.7    3.8    3.17  2.58   29.6   28.5
Pittsburgh    88   16.6  87.5    5.6    2.80  2.45   27.3   26.2
Ottawa        84   18.8  86.9    6.6    3.00  2.81   28.6   27.0
Tampa Bay     82   16.0  86.2    4.1    3.10  2.87   30.1   28.5
Nashville     84   14.1  86.1    3.4    3.23  2.81   28.9   26.1
Washington    86   20.9  85.7    3.2    3.52  2.22   28.8   25.4
New Jersey    84   15.6  85.6    5.7    3.10  2.57   29.5   26.3
LosAngeles    86   16.7  85.1    5.0    3.00  3.00   27.3   27.3
Carolina      84   9.0   85.0    4.4    3.11  2.55   28.4   27.7
Islanders     85   18.6  84.8    7.2    2.40  3.13   26.6   29.7
Boston        87   14.4  84.7    2.4    3.08  2.72   26.5   27.1
Chicago       82   21.9  84.3    9.0    3.38  2.48   30.0   26.9
Anaheim       85   15.7  84.2    2.8    3.34  2.56   28.9   26.6
Dallas        86   14.7  84.1    7.2    3.21  2.97   28.5   26.3
Philly        85   15.3  83.5    4.9    2.84  3.33   26.8   29.1
St. Louis     86   13.3  83.3    3.4    2.51  2.77   26.5   26.4
San Jose      83   15.0  82.5    8.1    2.96  2.94   28.7   27.6
Phoenix       83   12.0  82.2    6.0    2.71  3.33   26.9   29.3
Buffalo       85   8.8   81.9    7.2    2.46  3.38   26.1   29.1
Toronto       86   15.8  81.6    4.0    2.52  3.23   26.4   27.5
Winnipeg      84   20.1  81.0    3.7    2.74  3.05   26.8   30.1
Colorado      85   14.4  80.8    7.3    2.82  3.19   26.7   28.6
Minnesota     85   15.5  80.5    4.6    3.20  2.94   29.5   26.6
Detroit       85   11.5  80.1    5.6    2.22  3.76   24.1   31.1
Florida       84   12.4  78.7    4.8    2.79  3.19   28.3   28.3
Calgary       84   16.0  69.3    4.0    2.12  4.40   24.5   31.0
</PRE>
<H3>Penalty Minutes</H3>
<PRE>              GP    PP%   PK%   <b>PIM/G</b>   GF/G  GA/G   SF/G   SA/G
Chicago       82   21.9  84.3    9.0    3.38  2.48   30.0   26.9
San Jose      83   15.0  82.5    8.1    2.96  2.94   28.7   27.6
Colorado      85   14.4  80.8    7.3    2.82  3.19   26.7   28.6
Dallas        86   14.7  84.1    7.2    3.21  2.97   28.5   26.3
Islanders     85   18.6  84.8    7.2    2.40  3.13   26.6   29.7
Buffalo       85   8.8   81.9    7.2    2.46  3.38   26.1   29.1
Ottawa        84   18.8  86.9    6.6    3.00  2.81   28.6   27.0
Montreal      84   20.3  94.0    6.2    3.14  2.45   29.2   26.9
Phoenix       83   12.0  82.2    6.0    2.71  3.33   26.9   29.3
New Jersey    84   15.6  85.6    5.7    3.10  2.57   29.5   26.3
Detroit       85   11.5  80.1    5.6    2.22  3.76   24.1   31.1
Pittsburgh    88   16.6  87.5    5.6    2.80  2.45   27.3   26.2
Vancouver     85   16.0  89.2    5.2    3.19  2.78   28.0   26.5
Columbus      84   17.3  89.9    5.1    2.82  2.70   26.6   28.2
LosAngeles    86   16.7  85.1    5.0    3.00  3.00   27.3   27.3
Philly        85   15.3  83.5    4.9    2.84  3.33   26.8   29.1
Florida       84   12.4  78.7    4.8    2.79  3.19   28.3   28.3
Rangers       86   18.1  91.2    4.8    3.17  2.49   28.4   26.7
Minnesota     85   15.5  80.5    4.6    3.20  2.94   29.5   26.6
Carolina      84   9.0   85.0    4.4    3.11  2.55   28.4   27.7
Tampa Bay     82   16.0  86.2    4.1    3.10  2.87   30.1   28.5
Calgary       84   16.0  69.3    4.0    2.12  4.40   24.5   31.0
Toronto       86   15.8  81.6    4.0    2.52  3.23   26.4   27.5
Edmonton      83   14.0  88.7    3.8    3.17  2.58   29.6   28.5
Winnipeg      84   20.1  81.0    3.7    2.74  3.05   26.8   30.1
Nashville     84   14.1  86.1    3.4    3.23  2.81   28.9   26.1
St. Louis     86   13.3  83.3    3.4    2.51  2.77   26.5   26.4
Washington    86   20.9  85.7    3.2    3.52  2.22   28.8   25.4
Anaheim       85   15.7  84.2    2.8    3.34  2.56   28.9   26.6
Boston        87   14.4  84.7    2.4    3.08  2.72   26.5   27.1
</PRE>
<H3>Team Scoring</H3>
<PRE>              GP    PP%   PK%   PIM/G   <b>GF/G</b>  GA/G   SF/G   SA/G
Washington    86   20.9  85.7    3.2    3.52  2.22   28.8   25.4
Chicago       82   21.9  84.3    9.0    3.38  2.48   30.0   26.9
Anaheim       85   15.7  84.2    2.8    3.34  2.56   28.9   26.6
Nashville     84   14.1  86.1    3.4    3.23  2.81   28.9   26.1
Dallas        86   14.7  84.1    7.2    3.21  2.97   28.5   26.3
Minnesota     85   15.5  80.5    4.6    3.20  2.94   29.5   26.6
Vancouver     85   16.0  89.2    5.2    3.19  2.78   28.0   26.5
Rangers       86   18.1  91.2    4.8    3.17  2.49   28.4   26.7
Edmonton      83   14.0  88.7    3.8    3.17  2.58   29.6   28.5
Montreal      84   20.3  94.0    6.2    3.14  2.45   29.2   26.9
Carolina      84   9.0   85.0    4.4    3.11  2.55   28.4   27.7
Tampa Bay     82   16.0  86.2    4.1    3.10  2.87   30.1   28.5
New Jersey    84   15.6  85.6    5.7    3.10  2.57   29.5   26.3
Boston        87   14.4  84.7    2.4    3.08  2.72   26.5   27.1
Ottawa        84   18.8  86.9    6.6    3.00  2.81   28.6   27.0
LosAngeles    86   16.7  85.1    5.0    3.00  3.00   27.3   27.3
San Jose      83   15.0  82.5    8.1    2.96  2.94   28.7   27.6
Philly        85   15.3  83.5    4.9    2.84  3.33   26.8   29.1
Colorado      85   14.4  80.8    7.3    2.82  3.19   26.7   28.6
Columbus      84   17.3  89.9    5.1    2.82  2.70   26.6   28.2
Pittsburgh    88   16.6  87.5    5.6    2.80  2.45   27.3   26.2
Florida       84   12.4  78.7    4.8    2.79  3.19   28.3   28.3
Winnipeg      84   20.1  81.0    3.7    2.74  3.05   26.8   30.1
Phoenix       83   12.0  82.2    6.0    2.71  3.33   26.9   29.3
Toronto       86   15.8  81.6    4.0    2.52  3.23   26.4   27.5
St. Louis     86   13.3  83.3    3.4    2.51  2.77   26.5   26.4
Buffalo       85   8.8   81.9    7.2    2.46  3.38   26.1   29.1
Islanders     85   18.6  84.8    7.2    2.40  3.13   26.6   29.7
Detroit       85   11.5  80.1    5.6    2.22  3.76   24.1   31.1
Calgary       84   16.0  69.3    4.0    2.12  4.40   24.5   31.0
</PRE>
<H3>Team Defence</H3>
<PRE>              GP    PP%   PK%   PIM/G   GF/G  <b>GA/G</b>   SF/G   SA/G
Washington    86   20.9  85.7    3.2    3.52  2.22   28.8   25.4
Montreal      84   20.3  94.0    6.2    3.14  2.45   29.2   26.9
Pittsburgh    88   16.6  87.5    5.6    2.80  2.45   27.3   26.2
Chicago       82   21.9  84.3    9.0    3.38  2.48   30.0   26.9
Rangers       86   18.1  91.2    4.8    3.17  2.49   28.4   26.7
Carolina      84   9.0   85.0    4.4    3.11  2.55   28.4   27.7
Anaheim       85   15.7  84.2    2.8    3.34  2.56   28.9   26.6
New Jersey    84   15.6  85.6    5.7    3.10  2.57   29.5   26.3
Edmonton      83   14.0  88.7    3.8    3.17  2.58   29.6   28.5
Columbus      84   17.3  89.9    5.1    2.82  2.70   26.6   28.2
Boston        87   14.4  84.7    2.4    3.08  2.72   26.5   27.1
St. Louis     86   13.3  83.3    3.4    2.51  2.77   26.5   26.4
Vancouver     85   16.0  89.2    5.2    3.19  2.78   28.0   26.5
Nashville     84   14.1  86.1    3.4    3.23  2.81   28.9   26.1
Ottawa        84   18.8  86.9    6.6    3.00  2.81   28.6   27.0
Tampa Bay     82   16.0  86.2    4.1    3.10  2.87   30.1   28.5
San Jose      83   15.0  82.5    8.1    2.96  2.94   28.7   27.6
Minnesota     85   15.5  80.5    4.6    3.20  2.94   29.5   26.6
Dallas        86   14.7  84.1    7.2    3.21  2.97   28.5   26.3
LosAngeles    86   16.7  85.1    5.0    3.00  3.00   27.3   27.3
Winnipeg      84   20.1  81.0    3.7    2.74  3.05   26.8   30.1
Islanders     85   18.6  84.8    7.2    2.40  3.13   26.6   29.7
Colorado      85   14.4  80.8    7.3    2.82  3.19   26.7   28.6
Florida       84   12.4  78.7    4.8    2.79  3.19   28.3   28.3
Toronto       86   15.8  81.6    4.0    2.52  3.23   26.4   27.5
Phoenix       83   12.0  82.2    6.0    2.71  3.33   26.9   29.3
Philly        85   15.3  83.5    4.9    2.84  3.33   26.8   29.1
Buffalo       85   8.8   81.9    7.2    2.46  3.38   26.1   29.1
Detroit       85   11.5  80.1    5.6    2.22  3.76   24.1   31.1
Calgary       84   16.0  69.3    4.0    2.12  4.40   24.5   31.0
</PRE>
<H3>Shots For</H3>
<PRE>              GP    PP%   PK%   PIM/G   GF/G  GA/G   <b>SF/G</b>   SA/G
Tampa Bay     82   16.0  86.2    4.1    3.10  2.87   30.1   28.5
Chicago       82   21.9  84.3    9.0    3.38  2.48   30.0   26.9
Edmonton      83   14.0  88.7    3.8    3.17  2.58   29.6   28.5
Minnesota     85   15.5  80.5    4.6    3.20  2.94   29.5   26.6
New Jersey    84   15.6  85.6    5.7    3.10  2.57   29.5   26.3
Montreal      84   20.3  94.0    6.2    3.14  2.45   29.2   26.9
Anaheim       85   15.7  84.2    2.8    3.34  2.56   28.9   26.6
Nashville     84   14.1  86.1    3.4    3.23  2.81   28.9   26.1
Washington    86   20.9  85.7    3.2    3.52  2.22   28.8   25.4
San Jose      83   15.0  82.5    8.1    2.96  2.94   28.7   27.6
Ottawa        84   18.8  86.9    6.6    3.00  2.81   28.6   27.0
Dallas        86   14.7  84.1    7.2    3.21  2.97   28.5   26.3
Rangers       86   18.1  91.2    4.8    3.17  2.49   28.4   26.7
Carolina      84   9.0   85.0    4.4    3.11  2.55   28.4   27.7
Florida       84   12.4  78.7    4.8    2.79  3.19   28.3   28.3
Vancouver     85   16.0  89.2    5.2    3.19  2.78   28.0   26.5
Pittsburgh    88   16.6  87.5    5.6    2.80  2.45   27.3   26.2
LosAngeles    86   16.7  85.1    5.0    3.00  3.00   27.3   27.3
Phoenix       83   12.0  82.2    6.0    2.71  3.33   26.9   29.3
Winnipeg      84   20.1  81.0    3.7    2.74  3.05   26.8   30.1
Philly        85   15.3  83.5    4.9    2.84  3.33   26.8   29.1
Colorado      85   14.4  80.8    7.3    2.82  3.19   26.7   28.6
Columbus      84   17.3  89.9    5.1    2.82  2.70   26.6   28.2
Islanders     85   18.6  84.8    7.2    2.40  3.13   26.6   29.7
St. Louis     86   13.3  83.3    3.4    2.51  2.77   26.5   26.4
Boston        87   14.4  84.7    2.4    3.08  2.72   26.5   27.1
Toronto       86   15.8  81.6    4.0    2.52  3.23   26.4   27.5
Buffalo       85   8.8   81.9    7.2    2.46  3.38   26.1   29.1
Calgary       84   16.0  69.3    4.0    2.12  4.40   24.5   31.0
Detroit       85   11.5  80.1    5.6    2.22  3.76   24.1   31.1
</PRE>
<H3>Shots Against</H3>
<PRE>              GP    PP%   PK%   PIM/G   GF/G  GA/G   SF/G   <b>SA/G</b>
Washington    86   20.9  85.7    3.2    3.52  2.22   28.8   25.4
Nashville     84   14.1  86.1    3.4    3.23  2.81   28.9   26.1
Pittsburgh    88   16.6  87.5    5.6    2.80  2.45   27.3   26.2
Dallas        86   14.7  84.1    7.2    3.21  2.97   28.5   26.3
New Jersey    84   15.6  85.6    5.7    3.10  2.57   29.5   26.3
St. Louis     86   13.3  83.3    3.4    2.51  2.77   26.5   26.4
Vancouver     85   16.0  89.2    5.2    3.19  2.78   28.0   26.5
Minnesota     85   15.5  80.5    4.6    3.20  2.94   29.5   26.6
Anaheim       85   15.7  84.2    2.8    3.34  2.56   28.9   26.6
Rangers       86   18.1  91.2    4.8    3.17  2.49   28.4   26.7
Chicago       82   21.9  84.3    9.0    3.38  2.48   30.0   26.9
Montreal      84   20.3  94.0    6.2    3.14  2.45   29.2   26.9
Ottawa        84   18.8  86.9    6.6    3.00  2.81   28.6   27.0
Boston        87   14.4  84.7    2.4    3.08  2.72   26.5   27.1
LosAngeles    86   16.7  85.1    5.0    3.00  3.00   27.3   27.3
Toronto       86   15.8  81.6    4.0    2.52  3.23   26.4   27.5
San Jose      83   15.0  82.5    8.1    2.96  2.94   28.7   27.6
Carolina      84   9.0   85.0    4.4    3.11  2.55   28.4   27.7
Columbus      84   17.3  89.9    5.1    2.82  2.70   26.6   28.2
Florida       84   12.4  78.7    4.8    2.79  3.19   28.3   28.3
Edmonton      83   14.0  88.7    3.8    3.17  2.58   29.6   28.5
Tampa Bay     82   16.0  86.2    4.1    3.10  2.87   30.1   28.5
Colorado      85   14.4  80.8    7.3    2.82  3.19   26.7   28.6
Philly        85   15.3  83.5    4.9    2.84  3.33   26.8   29.1
Buffalo       85   8.8   81.9    7.2    2.46  3.38   26.1   29.1
Phoenix       83   12.0  82.2    6.0    2.71  3.33   26.9   29.3
Islanders     85   18.6  84.8    7.2    2.40  3.13   26.6   29.7
Winnipeg      84   20.1  81.0    3.7    2.74  3.05   26.8   30.1
Calgary       84   16.0  69.3    4.0    2.12  4.40   24.5   31.0
Detroit       85   11.5  80.1    5.6    2.22  3.76   24.1   31.1
</PRE>
</HTML>
