<HTML><TITLE>cehlPLF Team Stats</TITLE>
<!-- Generated by FHL, FHL97965278 -->
<HTML><H2>Team Statistics</H2>
<P>(As of Monday, Dec 3 2018)</P>
<H3>Power Play</H3>
<PRE>              GP    <b>PP%</b>   PK%   PIM/G   GF/G  GA/G   SF/G   SA/G
Washington    14   28.5  82.7    5.0    3.43  2.57   30.2   27.5
Minnesota     5    27.2  69.2    9.0    1.80  4.40   26.8   32.4
Dallas        8    27.2  76.9    8.5    2.88  3.13   31.1   24.8
Vancouver     15   25.0  73.6    7.3    2.67  3.07   22.8   29.4
Boston        10   22.7  90.0    2.4    2.90  2.70   28.0   25.7
Chicago       19   21.4  77.7    7.2    3.58  2.74   29.1   25.1
Montreal      14   20.6  95.0    4.3    3.07  2.14   29.2   25.5
Edmonton      12   14.2  86.6    2.6    2.75  3.50   29.5   27.0
Carolina      10   14.2  100.0   4.9    2.60  2.70   24.9   28.0
Anaheim       20   13.7  100.0   2.2    3.55  2.70   27.4   26.9
Columbus      6    12.5  77.7    6.6    3.50  3.50   27.3   29.6
Pittsburgh    7    0.0   77.7    5.4    1.71  2.43   20.4   20.4
Ottawa        4    0.0   66.6    6.0    1.00  3.00   24.7   30.2
Rangers       5    0.0   75.0    4.6    2.00  2.80   24.4   29.4
New Jersey    4    0.0   42.8    4.5    1.25  3.50   25.5   33.7
Nashville     6    0.0   85.7    2.3    3.17  3.67   27.0   31.1
</PRE>
<H3>Penalty Kill</H3>
<PRE>              GP    PP%   <b>PK%</b>   PIM/G   GF/G  GA/G   SF/G   SA/G
Carolina      10   14.2  100.0   4.9    2.60  2.70   24.9   28.0
Anaheim       20   13.7  100.0   2.2    3.55  2.70   27.4   26.9
Montreal      14   20.6  95.0    4.3    3.07  2.14   29.2   25.5
Boston        10   22.7  90.0    2.4    2.90  2.70   28.0   25.7
Edmonton      12   14.2  86.6    2.6    2.75  3.50   29.5   27.0
Nashville     6    0.0   85.7    2.3    3.17  3.67   27.0   31.1
Washington    14   28.5  82.7    5.0    3.43  2.57   30.2   27.5
Columbus      6    12.5  77.7    6.6    3.50  3.50   27.3   29.6
Pittsburgh    7    0.0   77.7    5.4    1.71  2.43   20.4   20.4
Chicago       19   21.4  77.7    7.2    3.58  2.74   29.1   25.1
Dallas        8    27.2  76.9    8.5    2.88  3.13   31.1   24.8
Rangers       5    0.0   75.0    4.6    2.00  2.80   24.4   29.4
Vancouver     15   25.0  73.6    7.3    2.67  3.07   22.8   29.4
Minnesota     5    27.2  69.2    9.0    1.80  4.40   26.8   32.4
Ottawa        4    0.0   66.6    6.0    1.00  3.00   24.7   30.2
New Jersey    4    0.0   42.8    4.5    1.25  3.50   25.5   33.7
</PRE>
<H3>Penalty Minutes</H3>
<PRE>              GP    PP%   PK%   <b>PIM/G</b>   GF/G  GA/G   SF/G   SA/G
Minnesota     5    27.2  69.2    9.0    1.80  4.40   26.8   32.4
Dallas        8    27.2  76.9    8.5    2.88  3.13   31.1   24.8
Vancouver     15   25.0  73.6    7.3    2.67  3.07   22.8   29.4
Chicago       19   21.4  77.7    7.2    3.58  2.74   29.1   25.1
Columbus      6    12.5  77.7    6.6    3.50  3.50   27.3   29.6
Ottawa        4    0.0   66.6    6.0    1.00  3.00   24.7   30.2
Pittsburgh    7    0.0   77.7    5.4    1.71  2.43   20.4   20.4
Washington    14   28.5  82.7    5.0    3.43  2.57   30.2   27.5
Carolina      10   14.2  100.0   4.9    2.60  2.70   24.9   28.0
Rangers       5    0.0   75.0    4.6    2.00  2.80   24.4   29.4
New Jersey    4    0.0   42.8    4.5    1.25  3.50   25.5   33.7
Montreal      14   20.6  95.0    4.3    3.07  2.14   29.2   25.5
Edmonton      12   14.2  86.6    2.6    2.75  3.50   29.5   27.0
Boston        10   22.7  90.0    2.4    2.90  2.70   28.0   25.7
Nashville     6    0.0   85.7    2.3    3.17  3.67   27.0   31.1
Anaheim       20   13.7  100.0   2.2    3.55  2.70   27.4   26.9
</PRE>
<H3>Team Scoring</H3>
<PRE>              GP    PP%   PK%   PIM/G   <b>GF/G</b>  GA/G   SF/G   SA/G
Chicago       19   21.4  77.7    7.2    3.58  2.74   29.1   25.1
Anaheim       20   13.7  100.0   2.2    3.55  2.70   27.4   26.9
Columbus      6    12.5  77.7    6.6    3.50  3.50   27.3   29.6
Washington    14   28.5  82.7    5.0    3.43  2.57   30.2   27.5
Nashville     6    0.0   85.7    2.3    3.17  3.67   27.0   31.1
Montreal      14   20.6  95.0    4.3    3.07  2.14   29.2   25.5
Boston        10   22.7  90.0    2.4    2.90  2.70   28.0   25.7
Dallas        8    27.2  76.9    8.5    2.88  3.13   31.1   24.8
Edmonton      12   14.2  86.6    2.6    2.75  3.50   29.5   27.0
Vancouver     15   25.0  73.6    7.3    2.67  3.07   22.8   29.4
Carolina      10   14.2  100.0   4.9    2.60  2.70   24.9   28.0
Rangers       5    0.0   75.0    4.6    2.00  2.80   24.4   29.4
Minnesota     5    27.2  69.2    9.0    1.80  4.40   26.8   32.4
Pittsburgh    7    0.0   77.7    5.4    1.71  2.43   20.4   20.4
New Jersey    4    0.0   42.8    4.5    1.25  3.50   25.5   33.7
Ottawa        4    0.0   66.6    6.0    1.00  3.00   24.7   30.2
</PRE>
<H3>Team Defence</H3>
<PRE>              GP    PP%   PK%   PIM/G   GF/G  <b>GA/G</b>   SF/G   SA/G
Montreal      14   20.6  95.0    4.3    3.07  2.14   29.2   25.5
Pittsburgh    7    0.0   77.7    5.4    1.71  2.43   20.4   20.4
Washington    14   28.5  82.7    5.0    3.43  2.57   30.2   27.5
Anaheim       20   13.7  100.0   2.2    3.55  2.70   27.4   26.9
Boston        10   22.7  90.0    2.4    2.90  2.70   28.0   25.7
Carolina      10   14.2  100.0   4.9    2.60  2.70   24.9   28.0
Chicago       19   21.4  77.7    7.2    3.58  2.74   29.1   25.1
Rangers       5    0.0   75.0    4.6    2.00  2.80   24.4   29.4
Ottawa        4    0.0   66.6    6.0    1.00  3.00   24.7   30.2
Vancouver     15   25.0  73.6    7.3    2.67  3.07   22.8   29.4
Dallas        8    27.2  76.9    8.5    2.88  3.13   31.1   24.8
Edmonton      12   14.2  86.6    2.6    2.75  3.50   29.5   27.0
New Jersey    4    0.0   42.8    4.5    1.25  3.50   25.5   33.7
Columbus      6    12.5  77.7    6.6    3.50  3.50   27.3   29.6
Nashville     6    0.0   85.7    2.3    3.17  3.67   27.0   31.1
Minnesota     5    27.2  69.2    9.0    1.80  4.40   26.8   32.4
</PRE>
<H3>Shots For</H3>
<PRE>              GP    PP%   PK%   PIM/G   GF/G  GA/G   <b>SF/G</b>   SA/G
Dallas        8    27.2  76.9    8.5    2.88  3.13   31.1   24.8
Washington    14   28.5  82.7    5.0    3.43  2.57   30.2   27.5
Edmonton      12   14.2  86.6    2.6    2.75  3.50   29.5   27.0
Montreal      14   20.6  95.0    4.3    3.07  2.14   29.2   25.5
Chicago       19   21.4  77.7    7.2    3.58  2.74   29.1   25.1
Boston        10   22.7  90.0    2.4    2.90  2.70   28.0   25.7
Anaheim       20   13.7  100.0   2.2    3.55  2.70   27.4   26.9
Columbus      6    12.5  77.7    6.6    3.50  3.50   27.3   29.6
Nashville     6    0.0   85.7    2.3    3.17  3.67   27.0   31.1
Minnesota     5    27.2  69.2    9.0    1.80  4.40   26.8   32.4
New Jersey    4    0.0   42.8    4.5    1.25  3.50   25.5   33.7
Carolina      10   14.2  100.0   4.9    2.60  2.70   24.9   28.0
Ottawa        4    0.0   66.6    6.0    1.00  3.00   24.7   30.2
Rangers       5    0.0   75.0    4.6    2.00  2.80   24.4   29.4
Vancouver     15   25.0  73.6    7.3    2.67  3.07   22.8   29.4
Pittsburgh    7    0.0   77.7    5.4    1.71  2.43   20.4   20.4
</PRE>
<H3>Shots Against</H3>
<PRE>              GP    PP%   PK%   PIM/G   GF/G  GA/G   SF/G   <b>SA/G</b>
Pittsburgh    7    0.0   77.7    5.4    1.71  2.43   20.4   20.4
Dallas        8    27.2  76.9    8.5    2.88  3.13   31.1   24.8
Chicago       19   21.4  77.7    7.2    3.58  2.74   29.1   25.1
Montreal      14   20.6  95.0    4.3    3.07  2.14   29.2   25.5
Boston        10   22.7  90.0    2.4    2.90  2.70   28.0   25.7
Anaheim       20   13.7  100.0   2.2    3.55  2.70   27.4   26.9
Edmonton      12   14.2  86.6    2.6    2.75  3.50   29.5   27.0
Washington    14   28.5  82.7    5.0    3.43  2.57   30.2   27.5
Carolina      10   14.2  100.0   4.9    2.60  2.70   24.9   28.0
Rangers       5    0.0   75.0    4.6    2.00  2.80   24.4   29.4
Vancouver     15   25.0  73.6    7.3    2.67  3.07   22.8   29.4
Columbus      6    12.5  77.7    6.6    3.50  3.50   27.3   29.6
Ottawa        4    0.0   66.6    6.0    1.00  3.00   24.7   30.2
Nashville     6    0.0   85.7    2.3    3.17  3.67   27.0   31.1
Minnesota     5    27.2  69.2    9.0    1.80  4.40   26.8   32.4
New Jersey    4    0.0   42.8    4.5    1.25  3.50   25.5   33.7
</PRE>
</HTML>
