<HTML><TITLE>cehl Team Stats</TITLE>
<!-- Generated by FHL, FHL97965278 -->
<HTML><H2>Team Statistics</H2>
<P>(As of Monday, Oct 29 2018)</P>
<H3>Power Play</H3>
<PRE>              GP    <b>PP%</b>   PK%   PIM/G   GF/G  GA/G   SF/G   SA/G
Chicago       82   21.9  84.3    9.0    3.38  2.48   30.0   26.9
Washington    82   20.9  85.7    3.4    3.70  2.33   30.2   26.6
Montreal      82   20.3  94.0    6.4    3.22  2.51   29.9   27.6
Winnipeg      82   20.1  81.0    3.8    2.80  3.12   27.5   30.8
Ottawa        82   18.8  86.9    6.8    3.07  2.88   29.3   27.7
Islanders     82   18.6  84.8    7.4    2.49  3.24   27.5   30.8
Rangers       82   18.1  91.2    5.0    3.33  2.61   29.8   28.0
Columbus      82   17.3  89.9    5.2    2.89  2.77   27.3   28.9
LosAngeles    82   16.7  85.1    5.2    3.15  3.15   28.7   28.6
Pittsburgh    82   16.6  87.5    6.0    3.00  2.63   29.3   28.1
Calgary       82   16.0  69.3    4.1    2.17  4.51   25.1   31.8
Vancouver     82   16.0  89.2    5.4    3.30  2.88   29.0   27.5
Tampa Bay     82   16.0  86.2    4.1    3.10  2.87   30.1   28.5
Toronto       82   15.8  81.6    4.2    2.65  3.39   27.7   28.8
Anaheim       82   15.7  84.2    2.9    3.46  2.66   30.0   27.6
New Jersey    82   15.6  85.6    5.9    3.17  2.63   30.2   27.0
Minnesota     82   15.5  80.5    4.8    3.32  3.05   30.6   27.5
Philly        82   15.3  83.5    5.1    2.94  3.45   27.8   30.2
San Jose      82   15.0  82.5    8.2    3.00  2.98   29.0   28.0
Dallas        82   14.7  84.1    7.6    3.37  3.11   29.9   27.6
Boston        82   14.4  84.7    2.5    3.27  2.89   28.1   28.8
Colorado      82   14.4  80.8    7.5    2.93  3.30   27.7   29.6
Nashville     82   14.1  86.1    3.5    3.30  2.88   29.6   26.7
Edmonton      82   14.0  88.7    3.9    3.21  2.61   30.0   28.8
St. Louis     82   13.3  83.3    3.5    2.63  2.90   27.8   27.7
Florida       82   12.4  78.7    5.0    2.85  3.27   29.0   29.0
Phoenix       82   12.0  82.2    6.1    2.74  3.37   27.3   29.6
Detroit       82   11.5  80.1    5.8    2.30  3.90   25.0   32.2
Carolina      82   9.0   85.0    4.5    3.18  2.61   29.1   28.3
Buffalo       82   8.8   81.9    7.4    2.55  3.50   27.1   30.2
</PRE>
<H3>Penalty Kill</H3>
<PRE>              GP    PP%   <b>PK%</b>   PIM/G   GF/G  GA/G   SF/G   SA/G
Montreal      82   20.3  94.0    6.4    3.22  2.51   29.9   27.6
Rangers       82   18.1  91.2    5.0    3.33  2.61   29.8   28.0
Columbus      82   17.3  89.9    5.2    2.89  2.77   27.3   28.9
Vancouver     82   16.0  89.2    5.4    3.30  2.88   29.0   27.5
Edmonton      82   14.0  88.7    3.9    3.21  2.61   30.0   28.8
Pittsburgh    82   16.6  87.5    6.0    3.00  2.63   29.3   28.1
Ottawa        82   18.8  86.9    6.8    3.07  2.88   29.3   27.7
Tampa Bay     82   16.0  86.2    4.1    3.10  2.87   30.1   28.5
Nashville     82   14.1  86.1    3.5    3.30  2.88   29.6   26.7
Washington    82   20.9  85.7    3.4    3.70  2.33   30.2   26.6
New Jersey    82   15.6  85.6    5.9    3.17  2.63   30.2   27.0
LosAngeles    82   16.7  85.1    5.2    3.15  3.15   28.7   28.6
Carolina      82   9.0   85.0    4.5    3.18  2.61   29.1   28.3
Islanders     82   18.6  84.8    7.4    2.49  3.24   27.5   30.8
Boston        82   14.4  84.7    2.5    3.27  2.89   28.1   28.8
Chicago       82   21.9  84.3    9.0    3.38  2.48   30.0   26.9
Anaheim       82   15.7  84.2    2.9    3.46  2.66   30.0   27.6
Dallas        82   14.7  84.1    7.6    3.37  3.11   29.9   27.6
Philly        82   15.3  83.5    5.1    2.94  3.45   27.8   30.2
St. Louis     82   13.3  83.3    3.5    2.63  2.90   27.8   27.7
San Jose      82   15.0  82.5    8.2    3.00  2.98   29.0   28.0
Phoenix       82   12.0  82.2    6.1    2.74  3.37   27.3   29.6
Buffalo       82   8.8   81.9    7.4    2.55  3.50   27.1   30.2
Toronto       82   15.8  81.6    4.2    2.65  3.39   27.7   28.8
Winnipeg      82   20.1  81.0    3.8    2.80  3.12   27.5   30.8
Colorado      82   14.4  80.8    7.5    2.93  3.30   27.7   29.6
Minnesota     82   15.5  80.5    4.8    3.32  3.05   30.6   27.5
Detroit       82   11.5  80.1    5.8    2.30  3.90   25.0   32.2
Florida       82   12.4  78.7    5.0    2.85  3.27   29.0   29.0
Calgary       82   16.0  69.3    4.1    2.17  4.51   25.1   31.8
</PRE>
<H3>Penalty Minutes</H3>
<PRE>              GP    PP%   PK%   <b>PIM/G</b>   GF/G  GA/G   SF/G   SA/G
Chicago       82   21.9  84.3    9.0    3.38  2.48   30.0   26.9
San Jose      82   15.0  82.5    8.2    3.00  2.98   29.0   28.0
Dallas        82   14.7  84.1    7.6    3.37  3.11   29.9   27.6
Colorado      82   14.4  80.8    7.5    2.93  3.30   27.7   29.6
Islanders     82   18.6  84.8    7.4    2.49  3.24   27.5   30.8
Buffalo       82   8.8   81.9    7.4    2.55  3.50   27.1   30.2
Ottawa        82   18.8  86.9    6.8    3.07  2.88   29.3   27.7
Montreal      82   20.3  94.0    6.4    3.22  2.51   29.9   27.6
Phoenix       82   12.0  82.2    6.1    2.74  3.37   27.3   29.6
Pittsburgh    82   16.6  87.5    6.0    3.00  2.63   29.3   28.1
New Jersey    82   15.6  85.6    5.9    3.17  2.63   30.2   27.0
Detroit       82   11.5  80.1    5.8    2.30  3.90   25.0   32.2
Vancouver     82   16.0  89.2    5.4    3.30  2.88   29.0   27.5
LosAngeles    82   16.7  85.1    5.2    3.15  3.15   28.7   28.6
Columbus      82   17.3  89.9    5.2    2.89  2.77   27.3   28.9
Philly        82   15.3  83.5    5.1    2.94  3.45   27.8   30.2
Rangers       82   18.1  91.2    5.0    3.33  2.61   29.8   28.0
Florida       82   12.4  78.7    5.0    2.85  3.27   29.0   29.0
Minnesota     82   15.5  80.5    4.8    3.32  3.05   30.6   27.5
Carolina      82   9.0   85.0    4.5    3.18  2.61   29.1   28.3
Toronto       82   15.8  81.6    4.2    2.65  3.39   27.7   28.8
Tampa Bay     82   16.0  86.2    4.1    3.10  2.87   30.1   28.5
Calgary       82   16.0  69.3    4.1    2.17  4.51   25.1   31.8
Edmonton      82   14.0  88.7    3.9    3.21  2.61   30.0   28.8
Winnipeg      82   20.1  81.0    3.8    2.80  3.12   27.5   30.8
St. Louis     82   13.3  83.3    3.5    2.63  2.90   27.8   27.7
Nashville     82   14.1  86.1    3.5    3.30  2.88   29.6   26.7
Washington    82   20.9  85.7    3.4    3.70  2.33   30.2   26.6
Anaheim       82   15.7  84.2    2.9    3.46  2.66   30.0   27.6
Boston        82   14.4  84.7    2.5    3.27  2.89   28.1   28.8
</PRE>
<H3>Team Scoring</H3>
<PRE>              GP    PP%   PK%   PIM/G   <b>GF/G</b>  GA/G   SF/G   SA/G
Washington    82   20.9  85.7    3.4    3.70  2.33   30.2   26.6
Anaheim       82   15.7  84.2    2.9    3.46  2.66   30.0   27.6
Chicago       82   21.9  84.3    9.0    3.38  2.48   30.0   26.9
Dallas        82   14.7  84.1    7.6    3.37  3.11   29.9   27.6
Rangers       82   18.1  91.2    5.0    3.33  2.61   29.8   28.0
Minnesota     82   15.5  80.5    4.8    3.32  3.05   30.6   27.5
Vancouver     82   16.0  89.2    5.4    3.30  2.88   29.0   27.5
Nashville     82   14.1  86.1    3.5    3.30  2.88   29.6   26.7
Boston        82   14.4  84.7    2.5    3.27  2.89   28.1   28.8
Montreal      82   20.3  94.0    6.4    3.22  2.51   29.9   27.6
Edmonton      82   14.0  88.7    3.9    3.21  2.61   30.0   28.8
Carolina      82   9.0   85.0    4.5    3.18  2.61   29.1   28.3
New Jersey    82   15.6  85.6    5.9    3.17  2.63   30.2   27.0
LosAngeles    82   16.7  85.1    5.2    3.15  3.15   28.7   28.6
Tampa Bay     82   16.0  86.2    4.1    3.10  2.87   30.1   28.5
Ottawa        82   18.8  86.9    6.8    3.07  2.88   29.3   27.7
San Jose      82   15.0  82.5    8.2    3.00  2.98   29.0   28.0
Pittsburgh    82   16.6  87.5    6.0    3.00  2.63   29.3   28.1
Philly        82   15.3  83.5    5.1    2.94  3.45   27.8   30.2
Colorado      82   14.4  80.8    7.5    2.93  3.30   27.7   29.6
Columbus      82   17.3  89.9    5.2    2.89  2.77   27.3   28.9
Florida       82   12.4  78.7    5.0    2.85  3.27   29.0   29.0
Winnipeg      82   20.1  81.0    3.8    2.80  3.12   27.5   30.8
Phoenix       82   12.0  82.2    6.1    2.74  3.37   27.3   29.6
Toronto       82   15.8  81.6    4.2    2.65  3.39   27.7   28.8
St. Louis     82   13.3  83.3    3.5    2.63  2.90   27.8   27.7
Buffalo       82   8.8   81.9    7.4    2.55  3.50   27.1   30.2
Islanders     82   18.6  84.8    7.4    2.49  3.24   27.5   30.8
Detroit       82   11.5  80.1    5.8    2.30  3.90   25.0   32.2
Calgary       82   16.0  69.3    4.1    2.17  4.51   25.1   31.8
</PRE>
<H3>Team Defence</H3>
<PRE>              GP    PP%   PK%   PIM/G   GF/G  <b>GA/G</b>   SF/G   SA/G
Washington    82   20.9  85.7    3.4    3.70  2.33   30.2   26.6
Chicago       82   21.9  84.3    9.0    3.38  2.48   30.0   26.9
Montreal      82   20.3  94.0    6.4    3.22  2.51   29.9   27.6
Carolina      82   9.0   85.0    4.5    3.18  2.61   29.1   28.3
Edmonton      82   14.0  88.7    3.9    3.21  2.61   30.0   28.8
Rangers       82   18.1  91.2    5.0    3.33  2.61   29.8   28.0
New Jersey    82   15.6  85.6    5.9    3.17  2.63   30.2   27.0
Pittsburgh    82   16.6  87.5    6.0    3.00  2.63   29.3   28.1
Anaheim       82   15.7  84.2    2.9    3.46  2.66   30.0   27.6
Columbus      82   17.3  89.9    5.2    2.89  2.77   27.3   28.9
Tampa Bay     82   16.0  86.2    4.1    3.10  2.87   30.1   28.5
Nashville     82   14.1  86.1    3.5    3.30  2.88   29.6   26.7
Ottawa        82   18.8  86.9    6.8    3.07  2.88   29.3   27.7
Vancouver     82   16.0  89.2    5.4    3.30  2.88   29.0   27.5
Boston        82   14.4  84.7    2.5    3.27  2.89   28.1   28.8
St. Louis     82   13.3  83.3    3.5    2.63  2.90   27.8   27.7
San Jose      82   15.0  82.5    8.2    3.00  2.98   29.0   28.0
Minnesota     82   15.5  80.5    4.8    3.32  3.05   30.6   27.5
Dallas        82   14.7  84.1    7.6    3.37  3.11   29.9   27.6
Winnipeg      82   20.1  81.0    3.8    2.80  3.12   27.5   30.8
LosAngeles    82   16.7  85.1    5.2    3.15  3.15   28.7   28.6
Islanders     82   18.6  84.8    7.4    2.49  3.24   27.5   30.8
Florida       82   12.4  78.7    5.0    2.85  3.27   29.0   29.0
Colorado      82   14.4  80.8    7.5    2.93  3.30   27.7   29.6
Phoenix       82   12.0  82.2    6.1    2.74  3.37   27.3   29.6
Toronto       82   15.8  81.6    4.2    2.65  3.39   27.7   28.8
Philly        82   15.3  83.5    5.1    2.94  3.45   27.8   30.2
Buffalo       82   8.8   81.9    7.4    2.55  3.50   27.1   30.2
Detroit       82   11.5  80.1    5.8    2.30  3.90   25.0   32.2
Calgary       82   16.0  69.3    4.1    2.17  4.51   25.1   31.8
</PRE>
<H3>Shots For</H3>
<PRE>              GP    PP%   PK%   PIM/G   GF/G  GA/G   <b>SF/G</b>   SA/G
Minnesota     82   15.5  80.5    4.8    3.32  3.05   30.6   27.5
Washington    82   20.9  85.7    3.4    3.70  2.33   30.2   26.6
New Jersey    82   15.6  85.6    5.9    3.17  2.63   30.2   27.0
Tampa Bay     82   16.0  86.2    4.1    3.10  2.87   30.1   28.5
Edmonton      82   14.0  88.7    3.9    3.21  2.61   30.0   28.8
Chicago       82   21.9  84.3    9.0    3.38  2.48   30.0   26.9
Anaheim       82   15.7  84.2    2.9    3.46  2.66   30.0   27.6
Montreal      82   20.3  94.0    6.4    3.22  2.51   29.9   27.6
Dallas        82   14.7  84.1    7.6    3.37  3.11   29.9   27.6
Rangers       82   18.1  91.2    5.0    3.33  2.61   29.8   28.0
Nashville     82   14.1  86.1    3.5    3.30  2.88   29.6   26.7
Pittsburgh    82   16.6  87.5    6.0    3.00  2.63   29.3   28.1
Ottawa        82   18.8  86.9    6.8    3.07  2.88   29.3   27.7
Carolina      82   9.0   85.0    4.5    3.18  2.61   29.1   28.3
San Jose      82   15.0  82.5    8.2    3.00  2.98   29.0   28.0
Florida       82   12.4  78.7    5.0    2.85  3.27   29.0   29.0
Vancouver     82   16.0  89.2    5.4    3.30  2.88   29.0   27.5
LosAngeles    82   16.7  85.1    5.2    3.15  3.15   28.7   28.6
Boston        82   14.4  84.7    2.5    3.27  2.89   28.1   28.8
St. Louis     82   13.3  83.3    3.5    2.63  2.90   27.8   27.7
Philly        82   15.3  83.5    5.1    2.94  3.45   27.8   30.2
Toronto       82   15.8  81.6    4.2    2.65  3.39   27.7   28.8
Colorado      82   14.4  80.8    7.5    2.93  3.30   27.7   29.6
Islanders     82   18.6  84.8    7.4    2.49  3.24   27.5   30.8
Winnipeg      82   20.1  81.0    3.8    2.80  3.12   27.5   30.8
Columbus      82   17.3  89.9    5.2    2.89  2.77   27.3   28.9
Phoenix       82   12.0  82.2    6.1    2.74  3.37   27.3   29.6
Buffalo       82   8.8   81.9    7.4    2.55  3.50   27.1   30.2
Calgary       82   16.0  69.3    4.1    2.17  4.51   25.1   31.8
Detroit       82   11.5  80.1    5.8    2.30  3.90   25.0   32.2
</PRE>
<H3>Shots Against</H3>
<PRE>              GP    PP%   PK%   PIM/G   GF/G  GA/G   SF/G   <b>SA/G</b>
Washington    82   20.9  85.7    3.4    3.70  2.33   30.2   26.6
Nashville     82   14.1  86.1    3.5    3.30  2.88   29.6   26.7
Chicago       82   21.9  84.3    9.0    3.38  2.48   30.0   26.9
New Jersey    82   15.6  85.6    5.9    3.17  2.63   30.2   27.0
Vancouver     82   16.0  89.2    5.4    3.30  2.88   29.0   27.5
Minnesota     82   15.5  80.5    4.8    3.32  3.05   30.6   27.5
Anaheim       82   15.7  84.2    2.9    3.46  2.66   30.0   27.6
Montreal      82   20.3  94.0    6.4    3.22  2.51   29.9   27.6
Dallas        82   14.7  84.1    7.6    3.37  3.11   29.9   27.6
St. Louis     82   13.3  83.3    3.5    2.63  2.90   27.8   27.7
Ottawa        82   18.8  86.9    6.8    3.07  2.88   29.3   27.7
San Jose      82   15.0  82.5    8.2    3.00  2.98   29.0   28.0
Rangers       82   18.1  91.2    5.0    3.33  2.61   29.8   28.0
Pittsburgh    82   16.6  87.5    6.0    3.00  2.63   29.3   28.1
Carolina      82   9.0   85.0    4.5    3.18  2.61   29.1   28.3
Tampa Bay     82   16.0  86.2    4.1    3.10  2.87   30.1   28.5
LosAngeles    82   16.7  85.1    5.2    3.15  3.15   28.7   28.6
Boston        82   14.4  84.7    2.5    3.27  2.89   28.1   28.8
Toronto       82   15.8  81.6    4.2    2.65  3.39   27.7   28.8
Edmonton      82   14.0  88.7    3.9    3.21  2.61   30.0   28.8
Columbus      82   17.3  89.9    5.2    2.89  2.77   27.3   28.9
Florida       82   12.4  78.7    5.0    2.85  3.27   29.0   29.0
Colorado      82   14.4  80.8    7.5    2.93  3.30   27.7   29.6
Phoenix       82   12.0  82.2    6.1    2.74  3.37   27.3   29.6
Philly        82   15.3  83.5    5.1    2.94  3.45   27.8   30.2
Buffalo       82   8.8   81.9    7.4    2.55  3.50   27.1   30.2
Islanders     82   18.6  84.8    7.4    2.49  3.24   27.5   30.8
Winnipeg      82   20.1  81.0    3.8    2.80  3.12   27.5   30.8
Calgary       82   16.0  69.3    4.1    2.17  4.51   25.1   31.8
Detroit       82   11.5  80.1    5.8    2.30  3.90   25.0   32.2
</PRE>
</HTML>
