<HTML><TITLE>cehl Team Stats</TITLE>
<!-- Generated by FHL, FHL97965278 -->
<HTML><H2>Team Statistics</H2>
<P>(As of Friday, May 8 2020)</P>
<H3>Power Play</H3>
<PRE>              GP    <b>PP%</b>   PK%   PIM/G   GF/G  GA/G   SF/G   SA/G
New Jersey    9    30.4  77.7    7.7    4.11  2.00   31.7   23.4
Rangers       8    23.5  81.8    10.3   4.75  3.00   34.5   24.5
Carolina      8    23.0  95.8    13.1   3.25  2.88   29.3   26.5
Florida       8    22.5  81.8    8.2    4.00  1.88   28.6   23.7
Edmonton      8    22.2  90.9    7.7    4.88  3.25   34.0   25.6
San Jose      8    21.0  93.3    11.0   2.75  2.00   29.2   27.3
Islanders     8    21.0  75.7    11.1   2.50  4.00   21.6   31.0
Winnipeg      8    21.0  79.3    13.8   2.63  4.38   23.8   32.1
Tampa Bay     8    19.3  75.8    11.8   2.63  4.38   28.0   30.5
Pittsburgh    8    19.2  79.1    9.2    3.63  3.75   30.3   28.6
Montreal      9    18.7  84.6    13.4   2.33  2.33   26.3   25.7
Washington    9    16.6  66.6    9.1    3.67  2.78   25.8   23.2
Toronto       8    16.6  85.1    10.7   3.00  3.38   29.6   28.0
Minnesota     8    16.1  86.3    6.0    3.00  3.75   31.3   31.6
Ottawa        9    16.0  88.8    12.0   2.56  2.22   26.1   24.0
Colorado      8    15.3  90.6    12.1   3.63  2.50   27.7   28.6
Dallas        8    14.2  95.2    9.2    2.38  1.38   33.3   25.6
Buffalo       8    12.9  81.4    7.7    2.75  2.75   23.2   31.8
Vancouver     8    11.1  89.4    5.0    3.13  3.13   27.1   27.1
Nashville     8    10.0  96.2    10.3   2.00  2.13   28.5   24.8
Anaheim       8    10.0  86.6    6.5    3.38  1.38   31.3   26.1
Phoenix       8    9.5   82.1    13.6   1.63  4.38   23.6   36.2
Chicago       8    9.0   95.0    9.1    3.13  1.50   27.5   21.5
Columbus      8    8.3   93.3    5.7    2.50  2.75   28.3   27.7
Philly        9    8.0   83.3    8.2    1.33  3.56   21.4   31.8
LosAngeles    8    7.4   83.8    12.5   2.00  3.00   27.3   29.6
Boston        8    4.3   88.2    14.7   2.75  2.75   31.0   27.0
St. Louis     8    0.0   92.5    10.3   2.38  2.13   27.6   25.8
Detroit       8    0.0   90.0    3.3    1.63  3.13   21.2   33.2
Calgary       8    0.0   78.5    9.8    2.63  4.63   25.5   32.7
</PRE>
<H3>Penalty Kill</H3>
<PRE>              GP    PP%   <b>PK%</b>   PIM/G   GF/G  GA/G   SF/G   SA/G
Nashville     8    10.0  96.2    10.3   2.00  2.13   28.5   24.8
Carolina      8    23.0  95.8    13.1   3.25  2.88   29.3   26.5
Dallas        8    14.2  95.2    9.2    2.38  1.38   33.3   25.6
Chicago       8    9.0   95.0    9.1    3.13  1.50   27.5   21.5
Columbus      8    8.3   93.3    5.7    2.50  2.75   28.3   27.7
San Jose      8    21.0  93.3    11.0   2.75  2.00   29.2   27.3
St. Louis     8    0.0   92.5    10.3   2.38  2.13   27.6   25.8
Edmonton      8    22.2  90.9    7.7    4.88  3.25   34.0   25.6
Colorado      8    15.3  90.6    12.1   3.63  2.50   27.7   28.6
Detroit       8    0.0   90.0    3.3    1.63  3.13   21.2   33.2
Vancouver     8    11.1  89.4    5.0    3.13  3.13   27.1   27.1
Ottawa        9    16.0  88.8    12.0   2.56  2.22   26.1   24.0
Boston        8    4.3   88.2    14.7   2.75  2.75   31.0   27.0
Anaheim       8    10.0  86.6    6.5    3.38  1.38   31.3   26.1
Minnesota     8    16.1  86.3    6.0    3.00  3.75   31.3   31.6
Toronto       8    16.6  85.1    10.7   3.00  3.38   29.6   28.0
Montreal      9    18.7  84.6    13.4   2.33  2.33   26.3   25.7
LosAngeles    8    7.4   83.8    12.5   2.00  3.00   27.3   29.6
Philly        9    8.0   83.3    8.2    1.33  3.56   21.4   31.8
Phoenix       8    9.5   82.1    13.6   1.63  4.38   23.6   36.2
Rangers       8    23.5  81.8    10.3   4.75  3.00   34.5   24.5
Florida       8    22.5  81.8    8.2    4.00  1.88   28.6   23.7
Buffalo       8    12.9  81.4    7.7    2.75  2.75   23.2   31.8
Winnipeg      8    21.0  79.3    13.8   2.63  4.38   23.8   32.1
Pittsburgh    8    19.2  79.1    9.2    3.63  3.75   30.3   28.6
Calgary       8    0.0   78.5    9.8    2.63  4.63   25.5   32.7
New Jersey    9    30.4  77.7    7.7    4.11  2.00   31.7   23.4
Tampa Bay     8    19.3  75.8    11.8   2.63  4.38   28.0   30.5
Islanders     8    21.0  75.7    11.1   2.50  4.00   21.6   31.0
Washington    9    16.6  66.6    9.1    3.67  2.78   25.8   23.2
</PRE>
<H3>Penalty Minutes</H3>
<PRE>              GP    PP%   PK%   <b>PIM/G</b>   GF/G  GA/G   SF/G   SA/G
Boston        8    4.3   88.2    14.7   2.75  2.75   31.0   27.0
Winnipeg      8    21.0  79.3    13.8   2.63  4.38   23.8   32.1
Phoenix       8    9.5   82.1    13.6   1.63  4.38   23.6   36.2
Montreal      9    18.7  84.6    13.4   2.33  2.33   26.3   25.7
Carolina      8    23.0  95.8    13.1   3.25  2.88   29.3   26.5
LosAngeles    8    7.4   83.8    12.5   2.00  3.00   27.3   29.6
Colorado      8    15.3  90.6    12.1   3.63  2.50   27.7   28.6
Ottawa        9    16.0  88.8    12.0   2.56  2.22   26.1   24.0
Tampa Bay     8    19.3  75.8    11.8   2.63  4.38   28.0   30.5
Islanders     8    21.0  75.7    11.1   2.50  4.00   21.6   31.0
San Jose      8    21.0  93.3    11.0   2.75  2.00   29.2   27.3
Toronto       8    16.6  85.1    10.7   3.00  3.38   29.6   28.0
St. Louis     8    0.0   92.5    10.3   2.38  2.13   27.6   25.8
Rangers       8    23.5  81.8    10.3   4.75  3.00   34.5   24.5
Nashville     8    10.0  96.2    10.3   2.00  2.13   28.5   24.8
Calgary       8    0.0   78.5    9.8    2.63  4.63   25.5   32.7
Pittsburgh    8    19.2  79.1    9.2    3.63  3.75   30.3   28.6
Dallas        8    14.2  95.2    9.2    2.38  1.38   33.3   25.6
Chicago       8    9.0   95.0    9.1    3.13  1.50   27.5   21.5
Washington    9    16.6  66.6    9.1    3.67  2.78   25.8   23.2
Florida       8    22.5  81.8    8.2    4.00  1.88   28.6   23.7
Philly        9    8.0   83.3    8.2    1.33  3.56   21.4   31.8
New Jersey    9    30.4  77.7    7.7    4.11  2.00   31.7   23.4
Edmonton      8    22.2  90.9    7.7    4.88  3.25   34.0   25.6
Buffalo       8    12.9  81.4    7.7    2.75  2.75   23.2   31.8
Anaheim       8    10.0  86.6    6.5    3.38  1.38   31.3   26.1
Minnesota     8    16.1  86.3    6.0    3.00  3.75   31.3   31.6
Columbus      8    8.3   93.3    5.7    2.50  2.75   28.3   27.7
Vancouver     8    11.1  89.4    5.0    3.13  3.13   27.1   27.1
Detroit       8    0.0   90.0    3.3    1.63  3.13   21.2   33.2
</PRE>
<H3>Team Scoring</H3>
<PRE>              GP    PP%   PK%   PIM/G   <b>GF/G</b>  GA/G   SF/G   SA/G
Edmonton      8    22.2  90.9    7.7    4.88  3.25   34.0   25.6
Rangers       8    23.5  81.8    10.3   4.75  3.00   34.5   24.5
New Jersey    9    30.4  77.7    7.7    4.11  2.00   31.7   23.4
Florida       8    22.5  81.8    8.2    4.00  1.88   28.6   23.7
Washington    9    16.6  66.6    9.1    3.67  2.78   25.8   23.2
Pittsburgh    8    19.2  79.1    9.2    3.63  3.75   30.3   28.6
Colorado      8    15.3  90.6    12.1   3.63  2.50   27.7   28.6
Anaheim       8    10.0  86.6    6.5    3.38  1.38   31.3   26.1
Carolina      8    23.0  95.8    13.1   3.25  2.88   29.3   26.5
Vancouver     8    11.1  89.4    5.0    3.13  3.13   27.1   27.1
Chicago       8    9.0   95.0    9.1    3.13  1.50   27.5   21.5
Minnesota     8    16.1  86.3    6.0    3.00  3.75   31.3   31.6
Toronto       8    16.6  85.1    10.7   3.00  3.38   29.6   28.0
San Jose      8    21.0  93.3    11.0   2.75  2.00   29.2   27.3
Buffalo       8    12.9  81.4    7.7    2.75  2.75   23.2   31.8
Boston        8    4.3   88.2    14.7   2.75  2.75   31.0   27.0
Tampa Bay     8    19.3  75.8    11.8   2.63  4.38   28.0   30.5
Calgary       8    0.0   78.5    9.8    2.63  4.63   25.5   32.7
Winnipeg      8    21.0  79.3    13.8   2.63  4.38   23.8   32.1
Ottawa        9    16.0  88.8    12.0   2.56  2.22   26.1   24.0
Columbus      8    8.3   93.3    5.7    2.50  2.75   28.3   27.7
Islanders     8    21.0  75.7    11.1   2.50  4.00   21.6   31.0
St. Louis     8    0.0   92.5    10.3   2.38  2.13   27.6   25.8
Dallas        8    14.2  95.2    9.2    2.38  1.38   33.3   25.6
Montreal      9    18.7  84.6    13.4   2.33  2.33   26.3   25.7
Nashville     8    10.0  96.2    10.3   2.00  2.13   28.5   24.8
LosAngeles    8    7.4   83.8    12.5   2.00  3.00   27.3   29.6
Phoenix       8    9.5   82.1    13.6   1.63  4.38   23.6   36.2
Detroit       8    0.0   90.0    3.3    1.63  3.13   21.2   33.2
Philly        9    8.0   83.3    8.2    1.33  3.56   21.4   31.8
</PRE>
<H3>Team Defence</H3>
<PRE>              GP    PP%   PK%   PIM/G   GF/G  <b>GA/G</b>   SF/G   SA/G
Anaheim       8    10.0  86.6    6.5    3.38  1.38   31.3   26.1
Dallas        8    14.2  95.2    9.2    2.38  1.38   33.3   25.6
Chicago       8    9.0   95.0    9.1    3.13  1.50   27.5   21.5
Florida       8    22.5  81.8    8.2    4.00  1.88   28.6   23.7
New Jersey    9    30.4  77.7    7.7    4.11  2.00   31.7   23.4
San Jose      8    21.0  93.3    11.0   2.75  2.00   29.2   27.3
Nashville     8    10.0  96.2    10.3   2.00  2.13   28.5   24.8
St. Louis     8    0.0   92.5    10.3   2.38  2.13   27.6   25.8
Ottawa        9    16.0  88.8    12.0   2.56  2.22   26.1   24.0
Montreal      9    18.7  84.6    13.4   2.33  2.33   26.3   25.7
Colorado      8    15.3  90.6    12.1   3.63  2.50   27.7   28.6
Boston        8    4.3   88.2    14.7   2.75  2.75   31.0   27.0
Buffalo       8    12.9  81.4    7.7    2.75  2.75   23.2   31.8
Columbus      8    8.3   93.3    5.7    2.50  2.75   28.3   27.7
Washington    9    16.6  66.6    9.1    3.67  2.78   25.8   23.2
Carolina      8    23.0  95.8    13.1   3.25  2.88   29.3   26.5
LosAngeles    8    7.4   83.8    12.5   2.00  3.00   27.3   29.6
Rangers       8    23.5  81.8    10.3   4.75  3.00   34.5   24.5
Detroit       8    0.0   90.0    3.3    1.63  3.13   21.2   33.2
Vancouver     8    11.1  89.4    5.0    3.13  3.13   27.1   27.1
Edmonton      8    22.2  90.9    7.7    4.88  3.25   34.0   25.6
Toronto       8    16.6  85.1    10.7   3.00  3.38   29.6   28.0
Philly        9    8.0   83.3    8.2    1.33  3.56   21.4   31.8
Pittsburgh    8    19.2  79.1    9.2    3.63  3.75   30.3   28.6
Minnesota     8    16.1  86.3    6.0    3.00  3.75   31.3   31.6
Islanders     8    21.0  75.7    11.1   2.50  4.00   21.6   31.0
Winnipeg      8    21.0  79.3    13.8   2.63  4.38   23.8   32.1
Phoenix       8    9.5   82.1    13.6   1.63  4.38   23.6   36.2
Tampa Bay     8    19.3  75.8    11.8   2.63  4.38   28.0   30.5
Calgary       8    0.0   78.5    9.8    2.63  4.63   25.5   32.7
</PRE>
<H3>Shots For</H3>
<PRE>              GP    PP%   PK%   PIM/G   GF/G  GA/G   <b>SF/G</b>   SA/G
Rangers       8    23.5  81.8    10.3   4.75  3.00   34.5   24.5
Edmonton      8    22.2  90.9    7.7    4.88  3.25   34.0   25.6
Dallas        8    14.2  95.2    9.2    2.38  1.38   33.3   25.6
New Jersey    9    30.4  77.7    7.7    4.11  2.00   31.7   23.4
Minnesota     8    16.1  86.3    6.0    3.00  3.75   31.3   31.6
Anaheim       8    10.0  86.6    6.5    3.38  1.38   31.3   26.1
Boston        8    4.3   88.2    14.7   2.75  2.75   31.0   27.0
Pittsburgh    8    19.2  79.1    9.2    3.63  3.75   30.3   28.6
Toronto       8    16.6  85.1    10.7   3.00  3.38   29.6   28.0
Carolina      8    23.0  95.8    13.1   3.25  2.88   29.3   26.5
San Jose      8    21.0  93.3    11.0   2.75  2.00   29.2   27.3
Florida       8    22.5  81.8    8.2    4.00  1.88   28.6   23.7
Nashville     8    10.0  96.2    10.3   2.00  2.13   28.5   24.8
Columbus      8    8.3   93.3    5.7    2.50  2.75   28.3   27.7
Tampa Bay     8    19.3  75.8    11.8   2.63  4.38   28.0   30.5
Colorado      8    15.3  90.6    12.1   3.63  2.50   27.7   28.6
St. Louis     8    0.0   92.5    10.3   2.38  2.13   27.6   25.8
Chicago       8    9.0   95.0    9.1    3.13  1.50   27.5   21.5
LosAngeles    8    7.4   83.8    12.5   2.00  3.00   27.3   29.6
Vancouver     8    11.1  89.4    5.0    3.13  3.13   27.1   27.1
Montreal      9    18.7  84.6    13.4   2.33  2.33   26.3   25.7
Ottawa        9    16.0  88.8    12.0   2.56  2.22   26.1   24.0
Washington    9    16.6  66.6    9.1    3.67  2.78   25.8   23.2
Calgary       8    0.0   78.5    9.8    2.63  4.63   25.5   32.7
Winnipeg      8    21.0  79.3    13.8   2.63  4.38   23.8   32.1
Phoenix       8    9.5   82.1    13.6   1.63  4.38   23.6   36.2
Buffalo       8    12.9  81.4    7.7    2.75  2.75   23.2   31.8
Islanders     8    21.0  75.7    11.1   2.50  4.00   21.6   31.0
Philly        9    8.0   83.3    8.2    1.33  3.56   21.4   31.8
Detroit       8    0.0   90.0    3.3    1.63  3.13   21.2   33.2
</PRE>
<H3>Shots Against</H3>
<PRE>              GP    PP%   PK%   PIM/G   GF/G  GA/G   SF/G   <b>SA/G</b>
Chicago       8    9.0   95.0    9.1    3.13  1.50   27.5   21.5
Washington    9    16.6  66.6    9.1    3.67  2.78   25.8   23.2
New Jersey    9    30.4  77.7    7.7    4.11  2.00   31.7   23.4
Florida       8    22.5  81.8    8.2    4.00  1.88   28.6   23.7
Ottawa        9    16.0  88.8    12.0   2.56  2.22   26.1   24.0
Rangers       8    23.5  81.8    10.3   4.75  3.00   34.5   24.5
Nashville     8    10.0  96.2    10.3   2.00  2.13   28.5   24.8
Dallas        8    14.2  95.2    9.2    2.38  1.38   33.3   25.6
Edmonton      8    22.2  90.9    7.7    4.88  3.25   34.0   25.6
Montreal      9    18.7  84.6    13.4   2.33  2.33   26.3   25.7
St. Louis     8    0.0   92.5    10.3   2.38  2.13   27.6   25.8
Anaheim       8    10.0  86.6    6.5    3.38  1.38   31.3   26.1
Carolina      8    23.0  95.8    13.1   3.25  2.88   29.3   26.5
Boston        8    4.3   88.2    14.7   2.75  2.75   31.0   27.0
Vancouver     8    11.1  89.4    5.0    3.13  3.13   27.1   27.1
San Jose      8    21.0  93.3    11.0   2.75  2.00   29.2   27.3
Columbus      8    8.3   93.3    5.7    2.50  2.75   28.3   27.7
Toronto       8    16.6  85.1    10.7   3.00  3.38   29.6   28.0
Colorado      8    15.3  90.6    12.1   3.63  2.50   27.7   28.6
Pittsburgh    8    19.2  79.1    9.2    3.63  3.75   30.3   28.6
LosAngeles    8    7.4   83.8    12.5   2.00  3.00   27.3   29.6
Tampa Bay     8    19.3  75.8    11.8   2.63  4.38   28.0   30.5
Islanders     8    21.0  75.7    11.1   2.50  4.00   21.6   31.0
Minnesota     8    16.1  86.3    6.0    3.00  3.75   31.3   31.6
Buffalo       8    12.9  81.4    7.7    2.75  2.75   23.2   31.8
Philly        9    8.0   83.3    8.2    1.33  3.56   21.4   31.8
Winnipeg      8    21.0  79.3    13.8   2.63  4.38   23.8   32.1
Calgary       8    0.0   78.5    9.8    2.63  4.63   25.5   32.7
Detroit       8    0.0   90.0    3.3    1.63  3.13   21.2   33.2
Phoenix       8    9.5   82.1    13.6   1.63  4.38   23.6   36.2
</PRE>
</HTML>
