<HTML><TITLE>cehl Team Stats</TITLE>
<!-- Generated by FHL, FHL97965278 -->
<HTML><H2>Team Statistics</H2>
<P>(As of Monday, Sep 30 2019)</P>
<H3>Power Play</H3>
<PRE>              GP    <b>PP%</b>   PK%   PIM/G   GF/G  GA/G   SF/G   SA/G
Washington    85   20.7  87.8    8.4    3.29  2.31   29.2   26.5
Carolina      87   19.5  86.9    8.2    3.33  2.72   28.5   24.9
Nashville     84   19.3  87.2    6.0    3.37  2.44   29.6   25.3
Anaheim       84   18.2  88.7    7.0    3.27  2.42   29.1   26.1
New Jersey    83   17.8  89.3    8.8    3.25  2.34   31.3   25.8
Pittsburgh    88   17.1  89.1    9.4    3.26  2.42   27.7   26.1
Minnesota     85   16.6  86.6    8.4    3.14  2.53   30.2   27.0
Boston        83   16.3  82.7    10.4   3.16  3.16   28.1   28.3
Chicago       82   15.8  88.8    10.0   3.18  2.61   30.1   26.4
San Jose      83   15.8  86.5    7.4    3.58  2.45   30.5   25.8
Buffalo       83   15.7  84.8    10.0   2.43  3.41   25.3   31.1
Calgary       85   15.5  82.6    8.5    2.36  3.36   24.5   30.4
Florida       85   15.4  88.0    9.8    3.18  2.69   29.2   25.6
Rangers       84   14.8  87.8    7.8    3.20  2.61   28.8   27.5
Edmonton      83   14.6  88.5    7.6    3.45  2.29   32.0   24.0
St. Louis     84   14.4  82.3    8.4    2.65  2.98   27.0   27.3
Columbus      85   14.3  84.2    9.2    2.68  2.59   26.2   27.7
Toronto       84   14.1  84.0    11.2   2.74  2.73   26.4   28.3
Detroit       82   14.0  84.6    7.3    2.11  4.16   23.4   33.3
Ottawa        85   13.8  86.6    11.6   2.69  2.71   28.3   27.0
LosAngeles    84   13.5  85.2    10.4   2.58  2.88   26.5   27.0
Montreal      85   13.3  86.2    9.3    2.61  2.68   27.4   26.2
Dallas        85   12.3  83.3    13.6   3.31  2.76   28.5   25.6
Colorado      84   12.2  87.3    9.5    2.49  2.65   26.7   29.1
Vancouver     84   11.7  82.7    9.7    2.71  2.87   27.7   27.6
Philly        86   11.7  78.5    9.2    2.28  3.45   25.4   28.8
Islanders     86   11.4  81.7    11.3   2.41  3.45   23.9   28.5
Tampa Bay     84   11.0  84.7    9.0    2.73  2.99   27.8   27.9
Winnipeg      82   10.3  82.5    10.7   2.48  3.51   26.2   30.5
Phoenix       85   7.3   81.7    11.7   2.00  3.81   23.1   32.9
</PRE>
<H3>Penalty Kill</H3>
<PRE>              GP    PP%   <b>PK%</b>   PIM/G   GF/G  GA/G   SF/G   SA/G
New Jersey    83   17.8  89.3    8.8    3.25  2.34   31.3   25.8
Pittsburgh    88   17.1  89.1    9.4    3.26  2.42   27.7   26.1
Chicago       82   15.8  88.8    10.0   3.18  2.61   30.1   26.4
Anaheim       84   18.2  88.7    7.0    3.27  2.42   29.1   26.1
Edmonton      83   14.6  88.5    7.6    3.45  2.29   32.0   24.0
Florida       85   15.4  88.0    9.8    3.18  2.69   29.2   25.6
Rangers       84   14.8  87.8    7.8    3.20  2.61   28.8   27.5
Washington    85   20.7  87.8    8.4    3.29  2.31   29.2   26.5
Colorado      84   12.2  87.3    9.5    2.49  2.65   26.7   29.1
Nashville     84   19.3  87.2    6.0    3.37  2.44   29.6   25.3
Carolina      87   19.5  86.9    8.2    3.33  2.72   28.5   24.9
Ottawa        85   13.8  86.6    11.6   2.69  2.71   28.3   27.0
Minnesota     85   16.6  86.6    8.4    3.14  2.53   30.2   27.0
San Jose      83   15.8  86.5    7.4    3.58  2.45   30.5   25.8
Montreal      85   13.3  86.2    9.3    2.61  2.68   27.4   26.2
LosAngeles    84   13.5  85.2    10.4   2.58  2.88   26.5   27.0
Buffalo       83   15.7  84.8    10.0   2.43  3.41   25.3   31.1
Tampa Bay     84   11.0  84.7    9.0    2.73  2.99   27.8   27.9
Detroit       82   14.0  84.6    7.3    2.11  4.16   23.4   33.3
Columbus      85   14.3  84.2    9.2    2.68  2.59   26.2   27.7
Toronto       84   14.1  84.0    11.2   2.74  2.73   26.4   28.3
Dallas        85   12.3  83.3    13.6   3.31  2.76   28.5   25.6
Vancouver     84   11.7  82.7    9.7    2.71  2.87   27.7   27.6
Boston        83   16.3  82.7    10.4   3.16  3.16   28.1   28.3
Calgary       85   15.5  82.6    8.5    2.36  3.36   24.5   30.4
Winnipeg      82   10.3  82.5    10.7   2.48  3.51   26.2   30.5
St. Louis     84   14.4  82.3    8.4    2.65  2.98   27.0   27.3
Phoenix       85   7.3   81.7    11.7   2.00  3.81   23.1   32.9
Islanders     86   11.4  81.7    11.3   2.41  3.45   23.9   28.5
Philly        86   11.7  78.5    9.2    2.28  3.45   25.4   28.8
</PRE>
<H3>Penalty Minutes</H3>
<PRE>              GP    PP%   PK%   <b>PIM/G</b>   GF/G  GA/G   SF/G   SA/G
Dallas        85   12.3  83.3    13.6   3.31  2.76   28.5   25.6
Phoenix       85   7.3   81.7    11.7   2.00  3.81   23.1   32.9
Ottawa        85   13.8  86.6    11.6   2.69  2.71   28.3   27.0
Islanders     86   11.4  81.7    11.3   2.41  3.45   23.9   28.5
Toronto       84   14.1  84.0    11.2   2.74  2.73   26.4   28.3
Winnipeg      82   10.3  82.5    10.7   2.48  3.51   26.2   30.5
Boston        83   16.3  82.7    10.4   3.16  3.16   28.1   28.3
LosAngeles    84   13.5  85.2    10.4   2.58  2.88   26.5   27.0
Chicago       82   15.8  88.8    10.0   3.18  2.61   30.1   26.4
Buffalo       83   15.7  84.8    10.0   2.43  3.41   25.3   31.1
Florida       85   15.4  88.0    9.8    3.18  2.69   29.2   25.6
Vancouver     84   11.7  82.7    9.7    2.71  2.87   27.7   27.6
Colorado      84   12.2  87.3    9.5    2.49  2.65   26.7   29.1
Pittsburgh    88   17.1  89.1    9.4    3.26  2.42   27.7   26.1
Montreal      85   13.3  86.2    9.3    2.61  2.68   27.4   26.2
Columbus      85   14.3  84.2    9.2    2.68  2.59   26.2   27.7
Philly        86   11.7  78.5    9.2    2.28  3.45   25.4   28.8
Tampa Bay     84   11.0  84.7    9.0    2.73  2.99   27.8   27.9
New Jersey    83   17.8  89.3    8.8    3.25  2.34   31.3   25.8
Calgary       85   15.5  82.6    8.5    2.36  3.36   24.5   30.4
Washington    85   20.7  87.8    8.4    3.29  2.31   29.2   26.5
St. Louis     84   14.4  82.3    8.4    2.65  2.98   27.0   27.3
Minnesota     85   16.6  86.6    8.4    3.14  2.53   30.2   27.0
Carolina      87   19.5  86.9    8.2    3.33  2.72   28.5   24.9
Rangers       84   14.8  87.8    7.8    3.20  2.61   28.8   27.5
Edmonton      83   14.6  88.5    7.6    3.45  2.29   32.0   24.0
San Jose      83   15.8  86.5    7.4    3.58  2.45   30.5   25.8
Detroit       82   14.0  84.6    7.3    2.11  4.16   23.4   33.3
Anaheim       84   18.2  88.7    7.0    3.27  2.42   29.1   26.1
Nashville     84   19.3  87.2    6.0    3.37  2.44   29.6   25.3
</PRE>
<H3>Team Scoring</H3>
<PRE>              GP    PP%   PK%   PIM/G   <b>GF/G</b>  GA/G   SF/G   SA/G
San Jose      83   15.8  86.5    7.4    3.58  2.45   30.5   25.8
Edmonton      83   14.6  88.5    7.6    3.45  2.29   32.0   24.0
Nashville     84   19.3  87.2    6.0    3.37  2.44   29.6   25.3
Carolina      87   19.5  86.9    8.2    3.33  2.72   28.5   24.9
Dallas        85   12.3  83.3    13.6   3.31  2.76   28.5   25.6
Washington    85   20.7  87.8    8.4    3.29  2.31   29.2   26.5
Anaheim       84   18.2  88.7    7.0    3.27  2.42   29.1   26.1
Pittsburgh    88   17.1  89.1    9.4    3.26  2.42   27.7   26.1
New Jersey    83   17.8  89.3    8.8    3.25  2.34   31.3   25.8
Rangers       84   14.8  87.8    7.8    3.20  2.61   28.8   27.5
Chicago       82   15.8  88.8    10.0   3.18  2.61   30.1   26.4
Florida       85   15.4  88.0    9.8    3.18  2.69   29.2   25.6
Boston        83   16.3  82.7    10.4   3.16  3.16   28.1   28.3
Minnesota     85   16.6  86.6    8.4    3.14  2.53   30.2   27.0
Toronto       84   14.1  84.0    11.2   2.74  2.73   26.4   28.3
Tampa Bay     84   11.0  84.7    9.0    2.73  2.99   27.8   27.9
Vancouver     84   11.7  82.7    9.7    2.71  2.87   27.7   27.6
Ottawa        85   13.8  86.6    11.6   2.69  2.71   28.3   27.0
Columbus      85   14.3  84.2    9.2    2.68  2.59   26.2   27.7
St. Louis     84   14.4  82.3    8.4    2.65  2.98   27.0   27.3
Montreal      85   13.3  86.2    9.3    2.61  2.68   27.4   26.2
LosAngeles    84   13.5  85.2    10.4   2.58  2.88   26.5   27.0
Colorado      84   12.2  87.3    9.5    2.49  2.65   26.7   29.1
Winnipeg      82   10.3  82.5    10.7   2.48  3.51   26.2   30.5
Buffalo       83   15.7  84.8    10.0   2.43  3.41   25.3   31.1
Islanders     86   11.4  81.7    11.3   2.41  3.45   23.9   28.5
Calgary       85   15.5  82.6    8.5    2.36  3.36   24.5   30.4
Philly        86   11.7  78.5    9.2    2.28  3.45   25.4   28.8
Detroit       82   14.0  84.6    7.3    2.11  4.16   23.4   33.3
Phoenix       85   7.3   81.7    11.7   2.00  3.81   23.1   32.9
</PRE>
<H3>Team Defence</H3>
<PRE>              GP    PP%   PK%   PIM/G   GF/G  <b>GA/G</b>   SF/G   SA/G
Edmonton      83   14.6  88.5    7.6    3.45  2.29   32.0   24.0
Washington    85   20.7  87.8    8.4    3.29  2.31   29.2   26.5
New Jersey    83   17.8  89.3    8.8    3.25  2.34   31.3   25.8
Anaheim       84   18.2  88.7    7.0    3.27  2.42   29.1   26.1
Pittsburgh    88   17.1  89.1    9.4    3.26  2.42   27.7   26.1
Nashville     84   19.3  87.2    6.0    3.37  2.44   29.6   25.3
San Jose      83   15.8  86.5    7.4    3.58  2.45   30.5   25.8
Minnesota     85   16.6  86.6    8.4    3.14  2.53   30.2   27.0
Columbus      85   14.3  84.2    9.2    2.68  2.59   26.2   27.7
Rangers       84   14.8  87.8    7.8    3.20  2.61   28.8   27.5
Chicago       82   15.8  88.8    10.0   3.18  2.61   30.1   26.4
Colorado      84   12.2  87.3    9.5    2.49  2.65   26.7   29.1
Montreal      85   13.3  86.2    9.3    2.61  2.68   27.4   26.2
Florida       85   15.4  88.0    9.8    3.18  2.69   29.2   25.6
Ottawa        85   13.8  86.6    11.6   2.69  2.71   28.3   27.0
Carolina      87   19.5  86.9    8.2    3.33  2.72   28.5   24.9
Toronto       84   14.1  84.0    11.2   2.74  2.73   26.4   28.3
Dallas        85   12.3  83.3    13.6   3.31  2.76   28.5   25.6
Vancouver     84   11.7  82.7    9.7    2.71  2.87   27.7   27.6
LosAngeles    84   13.5  85.2    10.4   2.58  2.88   26.5   27.0
St. Louis     84   14.4  82.3    8.4    2.65  2.98   27.0   27.3
Tampa Bay     84   11.0  84.7    9.0    2.73  2.99   27.8   27.9
Boston        83   16.3  82.7    10.4   3.16  3.16   28.1   28.3
Calgary       85   15.5  82.6    8.5    2.36  3.36   24.5   30.4
Buffalo       83   15.7  84.8    10.0   2.43  3.41   25.3   31.1
Islanders     86   11.4  81.7    11.3   2.41  3.45   23.9   28.5
Philly        86   11.7  78.5    9.2    2.28  3.45   25.4   28.8
Winnipeg      82   10.3  82.5    10.7   2.48  3.51   26.2   30.5
Phoenix       85   7.3   81.7    11.7   2.00  3.81   23.1   32.9
Detroit       82   14.0  84.6    7.3    2.11  4.16   23.4   33.3
</PRE>
<H3>Shots For</H3>
<PRE>              GP    PP%   PK%   PIM/G   GF/G  GA/G   <b>SF/G</b>   SA/G
Edmonton      83   14.6  88.5    7.6    3.45  2.29   32.0   24.0
New Jersey    83   17.8  89.3    8.8    3.25  2.34   31.3   25.8
San Jose      83   15.8  86.5    7.4    3.58  2.45   30.5   25.8
Minnesota     85   16.6  86.6    8.4    3.14  2.53   30.2   27.0
Chicago       82   15.8  88.8    10.0   3.18  2.61   30.1   26.4
Nashville     84   19.3  87.2    6.0    3.37  2.44   29.6   25.3
Florida       85   15.4  88.0    9.8    3.18  2.69   29.2   25.6
Washington    85   20.7  87.8    8.4    3.29  2.31   29.2   26.5
Anaheim       84   18.2  88.7    7.0    3.27  2.42   29.1   26.1
Rangers       84   14.8  87.8    7.8    3.20  2.61   28.8   27.5
Dallas        85   12.3  83.3    13.6   3.31  2.76   28.5   25.6
Carolina      87   19.5  86.9    8.2    3.33  2.72   28.5   24.9
Ottawa        85   13.8  86.6    11.6   2.69  2.71   28.3   27.0
Boston        83   16.3  82.7    10.4   3.16  3.16   28.1   28.3
Tampa Bay     84   11.0  84.7    9.0    2.73  2.99   27.8   27.9
Vancouver     84   11.7  82.7    9.7    2.71  2.87   27.7   27.6
Pittsburgh    88   17.1  89.1    9.4    3.26  2.42   27.7   26.1
Montreal      85   13.3  86.2    9.3    2.61  2.68   27.4   26.2
St. Louis     84   14.4  82.3    8.4    2.65  2.98   27.0   27.3
Colorado      84   12.2  87.3    9.5    2.49  2.65   26.7   29.1
LosAngeles    84   13.5  85.2    10.4   2.58  2.88   26.5   27.0
Toronto       84   14.1  84.0    11.2   2.74  2.73   26.4   28.3
Winnipeg      82   10.3  82.5    10.7   2.48  3.51   26.2   30.5
Columbus      85   14.3  84.2    9.2    2.68  2.59   26.2   27.7
Philly        86   11.7  78.5    9.2    2.28  3.45   25.4   28.8
Buffalo       83   15.7  84.8    10.0   2.43  3.41   25.3   31.1
Calgary       85   15.5  82.6    8.5    2.36  3.36   24.5   30.4
Islanders     86   11.4  81.7    11.3   2.41  3.45   23.9   28.5
Detroit       82   14.0  84.6    7.3    2.11  4.16   23.4   33.3
Phoenix       85   7.3   81.7    11.7   2.00  3.81   23.1   32.9
</PRE>
<H3>Shots Against</H3>
<PRE>              GP    PP%   PK%   PIM/G   GF/G  GA/G   SF/G   <b>SA/G</b>
Edmonton      83   14.6  88.5    7.6    3.45  2.29   32.0   24.0
Carolina      87   19.5  86.9    8.2    3.33  2.72   28.5   24.9
Nashville     84   19.3  87.2    6.0    3.37  2.44   29.6   25.3
Florida       85   15.4  88.0    9.8    3.18  2.69   29.2   25.6
Dallas        85   12.3  83.3    13.6   3.31  2.76   28.5   25.6
San Jose      83   15.8  86.5    7.4    3.58  2.45   30.5   25.8
New Jersey    83   17.8  89.3    8.8    3.25  2.34   31.3   25.8
Anaheim       84   18.2  88.7    7.0    3.27  2.42   29.1   26.1
Pittsburgh    88   17.1  89.1    9.4    3.26  2.42   27.7   26.1
Montreal      85   13.3  86.2    9.3    2.61  2.68   27.4   26.2
Chicago       82   15.8  88.8    10.0   3.18  2.61   30.1   26.4
Washington    85   20.7  87.8    8.4    3.29  2.31   29.2   26.5
Ottawa        85   13.8  86.6    11.6   2.69  2.71   28.3   27.0
Minnesota     85   16.6  86.6    8.4    3.14  2.53   30.2   27.0
LosAngeles    84   13.5  85.2    10.4   2.58  2.88   26.5   27.0
St. Louis     84   14.4  82.3    8.4    2.65  2.98   27.0   27.3
Rangers       84   14.8  87.8    7.8    3.20  2.61   28.8   27.5
Vancouver     84   11.7  82.7    9.7    2.71  2.87   27.7   27.6
Columbus      85   14.3  84.2    9.2    2.68  2.59   26.2   27.7
Tampa Bay     84   11.0  84.7    9.0    2.73  2.99   27.8   27.9
Boston        83   16.3  82.7    10.4   3.16  3.16   28.1   28.3
Toronto       84   14.1  84.0    11.2   2.74  2.73   26.4   28.3
Islanders     86   11.4  81.7    11.3   2.41  3.45   23.9   28.5
Philly        86   11.7  78.5    9.2    2.28  3.45   25.4   28.8
Colorado      84   12.2  87.3    9.5    2.49  2.65   26.7   29.1
Calgary       85   15.5  82.6    8.5    2.36  3.36   24.5   30.4
Winnipeg      82   10.3  82.5    10.7   2.48  3.51   26.2   30.5
Buffalo       83   15.7  84.8    10.0   2.43  3.41   25.3   31.1
Phoenix       85   7.3   81.7    11.7   2.00  3.81   23.1   32.9
Detroit       82   14.0  84.6    7.3    2.11  4.16   23.4   33.3
</PRE>
</HTML>
