<HTML><TITLE>cehl Team Stats</TITLE>
<!-- Generated by FHL, FHL97965278 -->
<HTML><H2>Team Statistics</H2>
<P>(As of Thursday, Apr 11 2019)</P>
<H3>Power Play</H3>
<PRE>              GP    <b>PP%</b>   PK%   PIM/G   GF/G  GA/G   SF/G   SA/G
Washington    11   38.0  87.5    6.8    3.27  2.64   29.9   28.0
Nashville     12   29.0  86.6    3.0    3.50  3.00   30.3   25.4
Minnesota     12   23.5  85.1    10.5   3.25  2.25   27.5   26.2
Edmonton      12   23.0  95.0    7.0    4.08  2.00   33.8   25.5
San Jose      11   20.0  87.5    7.9    3.64  2.73   29.5   27.0
Winnipeg      11   20.0  80.7    11.2   2.09  4.27   27.8   30.5
Anaheim       13   18.9  88.2    3.9    2.62  2.15   31.4   23.2
Carolina      12   17.8  90.3    6.4    3.58  2.42   27.4   23.9
LosAngeles    12   16.6  72.7    5.5    2.67  2.75   28.0   27.6
Boston        11   16.1  75.0    8.1    3.64  3.00   29.7   27.8
Phoenix       11   16.0  79.0    13.0   1.82  3.55   26.5   35.5
Pittsburgh    11   15.5  93.1    7.4    3.45  2.18   30.3   28.3
Florida       11   15.1  87.8    10.0   3.36  3.00   28.7   25.3
Rangers       11   14.7  91.6    8.4    3.36  1.73   31.0   25.5
Calgary       11   14.2  85.2    7.8    3.09  3.45   27.1   32.0
Toronto       11   13.7  92.3    10.0   2.45  2.36   25.8   27.1
Dallas        12   13.6  77.7    10.6   3.17  2.92   27.3   25.1
Detroit       12   12.5  82.1    8.5    2.58  3.83   24.4   34.2
St. Louis     13   12.0  84.0    5.4    2.62  1.77   24.5   23.2
Chicago       11   12.0  88.4    7.8    2.64  3.64   29.6   28.2
Colorado      13   10.3  87.0    7.8    2.38  2.69   23.2   28.3
Vancouver     11   10.0  83.3    7.4    2.45  2.27   26.7   27.6
Philly        12   10.0  80.0    10.4   1.75  2.75   23.9   29.4
Buffalo       11   9.0   79.3    9.2    1.73  3.73   25.2   33.6
Ottawa        12   8.6   85.2    9.6    3.17  2.67   27.2   27.8
Montreal      12   8.5   92.8    9.4    2.17  2.42   29.0   25.5
Columbus      12   7.1   78.5    5.2    2.08  2.50   21.5   23.6
Islanders     12   6.6   92.5    9.6    2.25  3.58   25.0   31.0
New Jersey    12   6.4   88.2    9.0    2.67  2.58   30.7   25.3
Tampa Bay     11   3.1   81.4    7.6    1.82  2.82   27.0   29.4
</PRE>
<H3>Penalty Kill</H3>
<PRE>              GP    PP%   <b>PK%</b>   PIM/G   GF/G  GA/G   SF/G   SA/G
Edmonton      12   23.0  95.0    7.0    4.08  2.00   33.8   25.5
Pittsburgh    11   15.5  93.1    7.4    3.45  2.18   30.3   28.3
Montreal      12   8.5   92.8    9.4    2.17  2.42   29.0   25.5
Islanders     12   6.6   92.5    9.6    2.25  3.58   25.0   31.0
Toronto       11   13.7  92.3    10.0   2.45  2.36   25.8   27.1
Rangers       11   14.7  91.6    8.4    3.36  1.73   31.0   25.5
Carolina      12   17.8  90.3    6.4    3.58  2.42   27.4   23.9
Chicago       11   12.0  88.4    7.8    2.64  3.64   29.6   28.2
New Jersey    12   6.4   88.2    9.0    2.67  2.58   30.7   25.3
Anaheim       13   18.9  88.2    3.9    2.62  2.15   31.4   23.2
Florida       11   15.1  87.8    10.0   3.36  3.00   28.7   25.3
Washington    11   38.0  87.5    6.8    3.27  2.64   29.9   28.0
San Jose      11   20.0  87.5    7.9    3.64  2.73   29.5   27.0
Colorado      13   10.3  87.0    7.8    2.38  2.69   23.2   28.3
Nashville     12   29.0  86.6    3.0    3.50  3.00   30.3   25.4
Ottawa        12   8.6   85.2    9.6    3.17  2.67   27.2   27.8
Calgary       11   14.2  85.2    7.8    3.09  3.45   27.1   32.0
Minnesota     12   23.5  85.1    10.5   3.25  2.25   27.5   26.2
St. Louis     13   12.0  84.0    5.4    2.62  1.77   24.5   23.2
Vancouver     11   10.0  83.3    7.4    2.45  2.27   26.7   27.6
Detroit       12   12.5  82.1    8.5    2.58  3.83   24.4   34.2
Tampa Bay     11   3.1   81.4    7.6    1.82  2.82   27.0   29.4
Winnipeg      11   20.0  80.7    11.2   2.09  4.27   27.8   30.5
Philly        12   10.0  80.0    10.4   1.75  2.75   23.9   29.4
Buffalo       11   9.0   79.3    9.2    1.73  3.73   25.2   33.6
Phoenix       11   16.0  79.0    13.0   1.82  3.55   26.5   35.5
Columbus      12   7.1   78.5    5.2    2.08  2.50   21.5   23.6
Dallas        12   13.6  77.7    10.6   3.17  2.92   27.3   25.1
Boston        11   16.1  75.0    8.1    3.64  3.00   29.7   27.8
LosAngeles    12   16.6  72.7    5.5    2.67  2.75   28.0   27.6
</PRE>
<H3>Penalty Minutes</H3>
<PRE>              GP    PP%   PK%   <b>PIM/G</b>   GF/G  GA/G   SF/G   SA/G
Phoenix       11   16.0  79.0    13.0   1.82  3.55   26.5   35.5
Winnipeg      11   20.0  80.7    11.2   2.09  4.27   27.8   30.5
Dallas        12   13.6  77.7    10.6   3.17  2.92   27.3   25.1
Minnesota     12   23.5  85.1    10.5   3.25  2.25   27.5   26.2
Philly        12   10.0  80.0    10.4   1.75  2.75   23.9   29.4
Toronto       11   13.7  92.3    10.0   2.45  2.36   25.8   27.1
Florida       11   15.1  87.8    10.0   3.36  3.00   28.7   25.3
Ottawa        12   8.6   85.2    9.6    3.17  2.67   27.2   27.8
Islanders     12   6.6   92.5    9.6    2.25  3.58   25.0   31.0
Montreal      12   8.5   92.8    9.4    2.17  2.42   29.0   25.5
Buffalo       11   9.0   79.3    9.2    1.73  3.73   25.2   33.6
New Jersey    12   6.4   88.2    9.0    2.67  2.58   30.7   25.3
Detroit       12   12.5  82.1    8.5    2.58  3.83   24.4   34.2
Rangers       11   14.7  91.6    8.4    3.36  1.73   31.0   25.5
Boston        11   16.1  75.0    8.1    3.64  3.00   29.7   27.8
San Jose      11   20.0  87.5    7.9    3.64  2.73   29.5   27.0
Colorado      13   10.3  87.0    7.8    2.38  2.69   23.2   28.3
Chicago       11   12.0  88.4    7.8    2.64  3.64   29.6   28.2
Calgary       11   14.2  85.2    7.8    3.09  3.45   27.1   32.0
Tampa Bay     11   3.1   81.4    7.6    1.82  2.82   27.0   29.4
Vancouver     11   10.0  83.3    7.4    2.45  2.27   26.7   27.6
Pittsburgh    11   15.5  93.1    7.4    3.45  2.18   30.3   28.3
Edmonton      12   23.0  95.0    7.0    4.08  2.00   33.8   25.5
Washington    11   38.0  87.5    6.8    3.27  2.64   29.9   28.0
Carolina      12   17.8  90.3    6.4    3.58  2.42   27.4   23.9
LosAngeles    12   16.6  72.7    5.5    2.67  2.75   28.0   27.6
St. Louis     13   12.0  84.0    5.4    2.62  1.77   24.5   23.2
Columbus      12   7.1   78.5    5.2    2.08  2.50   21.5   23.6
Anaheim       13   18.9  88.2    3.9    2.62  2.15   31.4   23.2
Nashville     12   29.0  86.6    3.0    3.50  3.00   30.3   25.4
</PRE>
<H3>Team Scoring</H3>
<PRE>              GP    PP%   PK%   PIM/G   <b>GF/G</b>  GA/G   SF/G   SA/G
Edmonton      12   23.0  95.0    7.0    4.08  2.00   33.8   25.5
San Jose      11   20.0  87.5    7.9    3.64  2.73   29.5   27.0
Boston        11   16.1  75.0    8.1    3.64  3.00   29.7   27.8
Carolina      12   17.8  90.3    6.4    3.58  2.42   27.4   23.9
Nashville     12   29.0  86.6    3.0    3.50  3.00   30.3   25.4
Pittsburgh    11   15.5  93.1    7.4    3.45  2.18   30.3   28.3
Rangers       11   14.7  91.6    8.4    3.36  1.73   31.0   25.5
Florida       11   15.1  87.8    10.0   3.36  3.00   28.7   25.3
Washington    11   38.0  87.5    6.8    3.27  2.64   29.9   28.0
Minnesota     12   23.5  85.1    10.5   3.25  2.25   27.5   26.2
Ottawa        12   8.6   85.2    9.6    3.17  2.67   27.2   27.8
Dallas        12   13.6  77.7    10.6   3.17  2.92   27.3   25.1
Calgary       11   14.2  85.2    7.8    3.09  3.45   27.1   32.0
New Jersey    12   6.4   88.2    9.0    2.67  2.58   30.7   25.3
LosAngeles    12   16.6  72.7    5.5    2.67  2.75   28.0   27.6
Chicago       11   12.0  88.4    7.8    2.64  3.64   29.6   28.2
St. Louis     13   12.0  84.0    5.4    2.62  1.77   24.5   23.2
Anaheim       13   18.9  88.2    3.9    2.62  2.15   31.4   23.2
Detroit       12   12.5  82.1    8.5    2.58  3.83   24.4   34.2
Vancouver     11   10.0  83.3    7.4    2.45  2.27   26.7   27.6
Toronto       11   13.7  92.3    10.0   2.45  2.36   25.8   27.1
Colorado      13   10.3  87.0    7.8    2.38  2.69   23.2   28.3
Islanders     12   6.6   92.5    9.6    2.25  3.58   25.0   31.0
Montreal      12   8.5   92.8    9.4    2.17  2.42   29.0   25.5
Winnipeg      11   20.0  80.7    11.2   2.09  4.27   27.8   30.5
Columbus      12   7.1   78.5    5.2    2.08  2.50   21.5   23.6
Tampa Bay     11   3.1   81.4    7.6    1.82  2.82   27.0   29.4
Phoenix       11   16.0  79.0    13.0   1.82  3.55   26.5   35.5
Philly        12   10.0  80.0    10.4   1.75  2.75   23.9   29.4
Buffalo       11   9.0   79.3    9.2    1.73  3.73   25.2   33.6
</PRE>
<H3>Team Defence</H3>
<PRE>              GP    PP%   PK%   PIM/G   GF/G  <b>GA/G</b>   SF/G   SA/G
Rangers       11   14.7  91.6    8.4    3.36  1.73   31.0   25.5
St. Louis     13   12.0  84.0    5.4    2.62  1.77   24.5   23.2
Edmonton      12   23.0  95.0    7.0    4.08  2.00   33.8   25.5
Anaheim       13   18.9  88.2    3.9    2.62  2.15   31.4   23.2
Pittsburgh    11   15.5  93.1    7.4    3.45  2.18   30.3   28.3
Minnesota     12   23.5  85.1    10.5   3.25  2.25   27.5   26.2
Vancouver     11   10.0  83.3    7.4    2.45  2.27   26.7   27.6
Toronto       11   13.7  92.3    10.0   2.45  2.36   25.8   27.1
Carolina      12   17.8  90.3    6.4    3.58  2.42   27.4   23.9
Montreal      12   8.5   92.8    9.4    2.17  2.42   29.0   25.5
Columbus      12   7.1   78.5    5.2    2.08  2.50   21.5   23.6
New Jersey    12   6.4   88.2    9.0    2.67  2.58   30.7   25.3
Washington    11   38.0  87.5    6.8    3.27  2.64   29.9   28.0
Ottawa        12   8.6   85.2    9.6    3.17  2.67   27.2   27.8
Colorado      13   10.3  87.0    7.8    2.38  2.69   23.2   28.3
San Jose      11   20.0  87.5    7.9    3.64  2.73   29.5   27.0
LosAngeles    12   16.6  72.7    5.5    2.67  2.75   28.0   27.6
Philly        12   10.0  80.0    10.4   1.75  2.75   23.9   29.4
Tampa Bay     11   3.1   81.4    7.6    1.82  2.82   27.0   29.4
Dallas        12   13.6  77.7    10.6   3.17  2.92   27.3   25.1
Boston        11   16.1  75.0    8.1    3.64  3.00   29.7   27.8
Florida       11   15.1  87.8    10.0   3.36  3.00   28.7   25.3
Nashville     12   29.0  86.6    3.0    3.50  3.00   30.3   25.4
Calgary       11   14.2  85.2    7.8    3.09  3.45   27.1   32.0
Phoenix       11   16.0  79.0    13.0   1.82  3.55   26.5   35.5
Islanders     12   6.6   92.5    9.6    2.25  3.58   25.0   31.0
Chicago       11   12.0  88.4    7.8    2.64  3.64   29.6   28.2
Buffalo       11   9.0   79.3    9.2    1.73  3.73   25.2   33.6
Detroit       12   12.5  82.1    8.5    2.58  3.83   24.4   34.2
Winnipeg      11   20.0  80.7    11.2   2.09  4.27   27.8   30.5
</PRE>
<H3>Shots For</H3>
<PRE>              GP    PP%   PK%   PIM/G   GF/G  GA/G   <b>SF/G</b>   SA/G
Edmonton      12   23.0  95.0    7.0    4.08  2.00   33.8   25.5
Anaheim       13   18.9  88.2    3.9    2.62  2.15   31.4   23.2
Rangers       11   14.7  91.6    8.4    3.36  1.73   31.0   25.5
New Jersey    12   6.4   88.2    9.0    2.67  2.58   30.7   25.3
Pittsburgh    11   15.5  93.1    7.4    3.45  2.18   30.3   28.3
Nashville     12   29.0  86.6    3.0    3.50  3.00   30.3   25.4
Washington    11   38.0  87.5    6.8    3.27  2.64   29.9   28.0
Boston        11   16.1  75.0    8.1    3.64  3.00   29.7   27.8
Chicago       11   12.0  88.4    7.8    2.64  3.64   29.6   28.2
San Jose      11   20.0  87.5    7.9    3.64  2.73   29.5   27.0
Montreal      12   8.5   92.8    9.4    2.17  2.42   29.0   25.5
Florida       11   15.1  87.8    10.0   3.36  3.00   28.7   25.3
LosAngeles    12   16.6  72.7    5.5    2.67  2.75   28.0   27.6
Winnipeg      11   20.0  80.7    11.2   2.09  4.27   27.8   30.5
Minnesota     12   23.5  85.1    10.5   3.25  2.25   27.5   26.2
Carolina      12   17.8  90.3    6.4    3.58  2.42   27.4   23.9
Dallas        12   13.6  77.7    10.6   3.17  2.92   27.3   25.1
Ottawa        12   8.6   85.2    9.6    3.17  2.67   27.2   27.8
Calgary       11   14.2  85.2    7.8    3.09  3.45   27.1   32.0
Tampa Bay     11   3.1   81.4    7.6    1.82  2.82   27.0   29.4
Vancouver     11   10.0  83.3    7.4    2.45  2.27   26.7   27.6
Phoenix       11   16.0  79.0    13.0   1.82  3.55   26.5   35.5
Toronto       11   13.7  92.3    10.0   2.45  2.36   25.8   27.1
Buffalo       11   9.0   79.3    9.2    1.73  3.73   25.2   33.6
Islanders     12   6.6   92.5    9.6    2.25  3.58   25.0   31.0
St. Louis     13   12.0  84.0    5.4    2.62  1.77   24.5   23.2
Detroit       12   12.5  82.1    8.5    2.58  3.83   24.4   34.2
Philly        12   10.0  80.0    10.4   1.75  2.75   23.9   29.4
Colorado      13   10.3  87.0    7.8    2.38  2.69   23.2   28.3
Columbus      12   7.1   78.5    5.2    2.08  2.50   21.5   23.6
</PRE>
<H3>Shots Against</H3>
<PRE>              GP    PP%   PK%   PIM/G   GF/G  GA/G   SF/G   <b>SA/G</b>
Anaheim       13   18.9  88.2    3.9    2.62  2.15   31.4   23.2
St. Louis     13   12.0  84.0    5.4    2.62  1.77   24.5   23.2
Columbus      12   7.1   78.5    5.2    2.08  2.50   21.5   23.6
Carolina      12   17.8  90.3    6.4    3.58  2.42   27.4   23.9
Dallas        12   13.6  77.7    10.6   3.17  2.92   27.3   25.1
New Jersey    12   6.4   88.2    9.0    2.67  2.58   30.7   25.3
Florida       11   15.1  87.8    10.0   3.36  3.00   28.7   25.3
Nashville     12   29.0  86.6    3.0    3.50  3.00   30.3   25.4
Montreal      12   8.5   92.8    9.4    2.17  2.42   29.0   25.5
Rangers       11   14.7  91.6    8.4    3.36  1.73   31.0   25.5
Edmonton      12   23.0  95.0    7.0    4.08  2.00   33.8   25.5
Minnesota     12   23.5  85.1    10.5   3.25  2.25   27.5   26.2
San Jose      11   20.0  87.5    7.9    3.64  2.73   29.5   27.0
Toronto       11   13.7  92.3    10.0   2.45  2.36   25.8   27.1
Vancouver     11   10.0  83.3    7.4    2.45  2.27   26.7   27.6
LosAngeles    12   16.6  72.7    5.5    2.67  2.75   28.0   27.6
Boston        11   16.1  75.0    8.1    3.64  3.00   29.7   27.8
Ottawa        12   8.6   85.2    9.6    3.17  2.67   27.2   27.8
Washington    11   38.0  87.5    6.8    3.27  2.64   29.9   28.0
Chicago       11   12.0  88.4    7.8    2.64  3.64   29.6   28.2
Pittsburgh    11   15.5  93.1    7.4    3.45  2.18   30.3   28.3
Colorado      13   10.3  87.0    7.8    2.38  2.69   23.2   28.3
Philly        12   10.0  80.0    10.4   1.75  2.75   23.9   29.4
Tampa Bay     11   3.1   81.4    7.6    1.82  2.82   27.0   29.4
Winnipeg      11   20.0  80.7    11.2   2.09  4.27   27.8   30.5
Islanders     12   6.6   92.5    9.6    2.25  3.58   25.0   31.0
Calgary       11   14.2  85.2    7.8    3.09  3.45   27.1   32.0
Buffalo       11   9.0   79.3    9.2    1.73  3.73   25.2   33.6
Detroit       12   12.5  82.1    8.5    2.58  3.83   24.4   34.2
Phoenix       11   16.0  79.0    13.0   1.82  3.55   26.5   35.5
</PRE>
</HTML>
