<HTML><TITLE>cehl Team Stats</TITLE>
<!-- Generated by FHL, FHL97965278 -->
<HTML><H2>Team Statistics</H2>
<P>(As of Tuesday, Jul 23 2019)</P>
<H3>Power Play</H3>
<PRE>              GP    <b>PP%</b>   PK%   PIM/G   GF/G  GA/G   SF/G   SA/G
Nashville     43   21.4  84.2    4.5    3.14  2.44   29.4   25.0
Washington    40   21.1  91.2    9.1    3.60  2.20   30.2   27.4
San Jose      40   19.3  84.2    6.8    3.63  2.70   30.8   25.7
New Jersey    41   18.8  90.3    8.7    3.56  2.46   31.7   24.8
Pittsburgh    43   18.7  88.6    7.9    3.26  2.23   28.3   25.5
Anaheim       43   18.1  86.2    5.9    3.12  2.28   29.2   25.3
Calgary       41   17.7  83.2    9.4    2.61  3.56   25.5   32.8
Boston        42   17.6  80.8    10.0   3.12  2.90   27.9   28.0
Columbus      42   17.5  82.6    8.3    2.64  2.45   25.1   28.3
Toronto       41   17.1  84.1    11.4   2.46  2.76   25.8   28.6
Minnesota     43   16.8  83.8    8.2    3.23  2.56   29.9   26.1
Colorado      41   16.5  81.9    9.4    2.63  2.85   27.0   28.8
Buffalo       42   16.5  85.6    10.7   2.40  3.57   23.6   30.7
Chicago       40   16.1  89.3    8.4    3.35  2.70   30.4   25.5
Edmonton      40   15.8  87.3    8.3    3.73  2.48   32.3   25.3
St. Louis     42   15.4  82.2    8.1    3.14  2.81   27.4   26.6
Rangers       41   14.8  90.3    8.3    3.39  2.46   29.9   27.3
Carolina      45   13.6  86.6    8.2    3.20  2.73   28.4   25.2
Florida       42   13.3  86.8    10.7   3.07  2.95   30.0   26.0
Detroit       41   12.8  86.8    8.0    2.20  4.29   23.8   33.7
Vancouver     41   12.6  79.8    8.2    2.80  2.88   28.5   26.8
Montreal      43   12.3  86.7    10.4   2.37  2.65   26.6   24.8
LosAngeles    43   11.8  85.3    8.6    2.67  2.65   26.1   26.2
Tampa Bay     41   11.7  82.6    8.1    2.71  3.02   28.0   28.8
Islanders     44   11.6  81.8    10.4   2.25  3.59   22.8   28.5
Philly        43   11.4  79.2    8.7    2.23  3.35   24.6   29.2
Ottawa        41   10.7  86.6    11.4   2.66  2.85   29.0   28.1
Phoenix       42   9.4   85.2    12.9   2.02  3.69   23.0   33.0
Winnipeg      41   9.4   81.7    11.1   2.34  3.51   25.6   29.9
Dallas        43   6.5   81.6    12.8   3.07  2.91   27.3   25.7
</PRE>
<H3>Penalty Kill</H3>
<PRE>              GP    PP%   <b>PK%</b>   PIM/G   GF/G  GA/G   SF/G   SA/G
Washington    40   21.1  91.2    9.1    3.60  2.20   30.2   27.4
Rangers       41   14.8  90.3    8.3    3.39  2.46   29.9   27.3
New Jersey    41   18.8  90.3    8.7    3.56  2.46   31.7   24.8
Chicago       40   16.1  89.3    8.4    3.35  2.70   30.4   25.5
Pittsburgh    43   18.7  88.6    7.9    3.26  2.23   28.3   25.5
Edmonton      40   15.8  87.3    8.3    3.73  2.48   32.3   25.3
Detroit       41   12.8  86.8    8.0    2.20  4.29   23.8   33.7
Florida       42   13.3  86.8    10.7   3.07  2.95   30.0   26.0
Montreal      43   12.3  86.7    10.4   2.37  2.65   26.6   24.8
Carolina      45   13.6  86.6    8.2    3.20  2.73   28.4   25.2
Ottawa        41   10.7  86.6    11.4   2.66  2.85   29.0   28.1
Anaheim       43   18.1  86.2    5.9    3.12  2.28   29.2   25.3
Buffalo       42   16.5  85.6    10.7   2.40  3.57   23.6   30.7
LosAngeles    43   11.8  85.3    8.6    2.67  2.65   26.1   26.2
Phoenix       42   9.4   85.2    12.9   2.02  3.69   23.0   33.0
San Jose      40   19.3  84.2    6.8    3.63  2.70   30.8   25.7
Nashville     43   21.4  84.2    4.5    3.14  2.44   29.4   25.0
Toronto       41   17.1  84.1    11.4   2.46  2.76   25.8   28.6
Minnesota     43   16.8  83.8    8.2    3.23  2.56   29.9   26.1
Calgary       41   17.7  83.2    9.4    2.61  3.56   25.5   32.8
Columbus      42   17.5  82.6    8.3    2.64  2.45   25.1   28.3
Tampa Bay     41   11.7  82.6    8.1    2.71  3.02   28.0   28.8
St. Louis     42   15.4  82.2    8.1    3.14  2.81   27.4   26.6
Colorado      41   16.5  81.9    9.4    2.63  2.85   27.0   28.8
Islanders     44   11.6  81.8    10.4   2.25  3.59   22.8   28.5
Winnipeg      41   9.4   81.7    11.1   2.34  3.51   25.6   29.9
Dallas        43   6.5   81.6    12.8   3.07  2.91   27.3   25.7
Boston        42   17.6  80.8    10.0   3.12  2.90   27.9   28.0
Vancouver     41   12.6  79.8    8.2    2.80  2.88   28.5   26.8
Philly        43   11.4  79.2    8.7    2.23  3.35   24.6   29.2
</PRE>
<H3>Penalty Minutes</H3>
<PRE>              GP    PP%   PK%   <b>PIM/G</b>   GF/G  GA/G   SF/G   SA/G
Phoenix       42   9.4   85.2    12.9   2.02  3.69   23.0   33.0
Dallas        43   6.5   81.6    12.8   3.07  2.91   27.3   25.7
Toronto       41   17.1  84.1    11.4   2.46  2.76   25.8   28.6
Ottawa        41   10.7  86.6    11.4   2.66  2.85   29.0   28.1
Winnipeg      41   9.4   81.7    11.1   2.34  3.51   25.6   29.9
Florida       42   13.3  86.8    10.7   3.07  2.95   30.0   26.0
Buffalo       42   16.5  85.6    10.7   2.40  3.57   23.6   30.7
Islanders     44   11.6  81.8    10.4   2.25  3.59   22.8   28.5
Montreal      43   12.3  86.7    10.4   2.37  2.65   26.6   24.8
Boston        42   17.6  80.8    10.0   3.12  2.90   27.9   28.0
Calgary       41   17.7  83.2    9.4    2.61  3.56   25.5   32.8
Colorado      41   16.5  81.9    9.4    2.63  2.85   27.0   28.8
Washington    40   21.1  91.2    9.1    3.60  2.20   30.2   27.4
Philly        43   11.4  79.2    8.7    2.23  3.35   24.6   29.2
New Jersey    41   18.8  90.3    8.7    3.56  2.46   31.7   24.8
LosAngeles    43   11.8  85.3    8.6    2.67  2.65   26.1   26.2
Chicago       40   16.1  89.3    8.4    3.35  2.70   30.4   25.5
Rangers       41   14.8  90.3    8.3    3.39  2.46   29.9   27.3
Edmonton      40   15.8  87.3    8.3    3.73  2.48   32.3   25.3
Columbus      42   17.5  82.6    8.3    2.64  2.45   25.1   28.3
Vancouver     41   12.6  79.8    8.2    2.80  2.88   28.5   26.8
Minnesota     43   16.8  83.8    8.2    3.23  2.56   29.9   26.1
Carolina      45   13.6  86.6    8.2    3.20  2.73   28.4   25.2
St. Louis     42   15.4  82.2    8.1    3.14  2.81   27.4   26.6
Tampa Bay     41   11.7  82.6    8.1    2.71  3.02   28.0   28.8
Detroit       41   12.8  86.8    8.0    2.20  4.29   23.8   33.7
Pittsburgh    43   18.7  88.6    7.9    3.26  2.23   28.3   25.5
San Jose      40   19.3  84.2    6.8    3.63  2.70   30.8   25.7
Anaheim       43   18.1  86.2    5.9    3.12  2.28   29.2   25.3
Nashville     43   21.4  84.2    4.5    3.14  2.44   29.4   25.0
</PRE>
<H3>Team Scoring</H3>
<PRE>              GP    PP%   PK%   PIM/G   <b>GF/G</b>  GA/G   SF/G   SA/G
Edmonton      40   15.8  87.3    8.3    3.73  2.48   32.3   25.3
San Jose      40   19.3  84.2    6.8    3.63  2.70   30.8   25.7
Washington    40   21.1  91.2    9.1    3.60  2.20   30.2   27.4
New Jersey    41   18.8  90.3    8.7    3.56  2.46   31.7   24.8
Rangers       41   14.8  90.3    8.3    3.39  2.46   29.9   27.3
Chicago       40   16.1  89.3    8.4    3.35  2.70   30.4   25.5
Pittsburgh    43   18.7  88.6    7.9    3.26  2.23   28.3   25.5
Minnesota     43   16.8  83.8    8.2    3.23  2.56   29.9   26.1
Carolina      45   13.6  86.6    8.2    3.20  2.73   28.4   25.2
St. Louis     42   15.4  82.2    8.1    3.14  2.81   27.4   26.6
Nashville     43   21.4  84.2    4.5    3.14  2.44   29.4   25.0
Boston        42   17.6  80.8    10.0   3.12  2.90   27.9   28.0
Anaheim       43   18.1  86.2    5.9    3.12  2.28   29.2   25.3
Florida       42   13.3  86.8    10.7   3.07  2.95   30.0   26.0
Dallas        43   6.5   81.6    12.8   3.07  2.91   27.3   25.7
Vancouver     41   12.6  79.8    8.2    2.80  2.88   28.5   26.8
Tampa Bay     41   11.7  82.6    8.1    2.71  3.02   28.0   28.8
LosAngeles    43   11.8  85.3    8.6    2.67  2.65   26.1   26.2
Ottawa        41   10.7  86.6    11.4   2.66  2.85   29.0   28.1
Columbus      42   17.5  82.6    8.3    2.64  2.45   25.1   28.3
Colorado      41   16.5  81.9    9.4    2.63  2.85   27.0   28.8
Calgary       41   17.7  83.2    9.4    2.61  3.56   25.5   32.8
Toronto       41   17.1  84.1    11.4   2.46  2.76   25.8   28.6
Buffalo       42   16.5  85.6    10.7   2.40  3.57   23.6   30.7
Montreal      43   12.3  86.7    10.4   2.37  2.65   26.6   24.8
Winnipeg      41   9.4   81.7    11.1   2.34  3.51   25.6   29.9
Islanders     44   11.6  81.8    10.4   2.25  3.59   22.8   28.5
Philly        43   11.4  79.2    8.7    2.23  3.35   24.6   29.2
Detroit       41   12.8  86.8    8.0    2.20  4.29   23.8   33.7
Phoenix       42   9.4   85.2    12.9   2.02  3.69   23.0   33.0
</PRE>
<H3>Team Defence</H3>
<PRE>              GP    PP%   PK%   PIM/G   GF/G  <b>GA/G</b>   SF/G   SA/G
Washington    40   21.1  91.2    9.1    3.60  2.20   30.2   27.4
Pittsburgh    43   18.7  88.6    7.9    3.26  2.23   28.3   25.5
Anaheim       43   18.1  86.2    5.9    3.12  2.28   29.2   25.3
Nashville     43   21.4  84.2    4.5    3.14  2.44   29.4   25.0
Columbus      42   17.5  82.6    8.3    2.64  2.45   25.1   28.3
New Jersey    41   18.8  90.3    8.7    3.56  2.46   31.7   24.8
Rangers       41   14.8  90.3    8.3    3.39  2.46   29.9   27.3
Edmonton      40   15.8  87.3    8.3    3.73  2.48   32.3   25.3
Minnesota     43   16.8  83.8    8.2    3.23  2.56   29.9   26.1
LosAngeles    43   11.8  85.3    8.6    2.67  2.65   26.1   26.2
Montreal      43   12.3  86.7    10.4   2.37  2.65   26.6   24.8
Chicago       40   16.1  89.3    8.4    3.35  2.70   30.4   25.5
San Jose      40   19.3  84.2    6.8    3.63  2.70   30.8   25.7
Carolina      45   13.6  86.6    8.2    3.20  2.73   28.4   25.2
Toronto       41   17.1  84.1    11.4   2.46  2.76   25.8   28.6
St. Louis     42   15.4  82.2    8.1    3.14  2.81   27.4   26.6
Colorado      41   16.5  81.9    9.4    2.63  2.85   27.0   28.8
Ottawa        41   10.7  86.6    11.4   2.66  2.85   29.0   28.1
Vancouver     41   12.6  79.8    8.2    2.80  2.88   28.5   26.8
Boston        42   17.6  80.8    10.0   3.12  2.90   27.9   28.0
Dallas        43   6.5   81.6    12.8   3.07  2.91   27.3   25.7
Florida       42   13.3  86.8    10.7   3.07  2.95   30.0   26.0
Tampa Bay     41   11.7  82.6    8.1    2.71  3.02   28.0   28.8
Philly        43   11.4  79.2    8.7    2.23  3.35   24.6   29.2
Winnipeg      41   9.4   81.7    11.1   2.34  3.51   25.6   29.9
Calgary       41   17.7  83.2    9.4    2.61  3.56   25.5   32.8
Buffalo       42   16.5  85.6    10.7   2.40  3.57   23.6   30.7
Islanders     44   11.6  81.8    10.4   2.25  3.59   22.8   28.5
Phoenix       42   9.4   85.2    12.9   2.02  3.69   23.0   33.0
Detroit       41   12.8  86.8    8.0    2.20  4.29   23.8   33.7
</PRE>
<H3>Shots For</H3>
<PRE>              GP    PP%   PK%   PIM/G   GF/G  GA/G   <b>SF/G</b>   SA/G
Edmonton      40   15.8  87.3    8.3    3.73  2.48   32.3   25.3
New Jersey    41   18.8  90.3    8.7    3.56  2.46   31.7   24.8
San Jose      40   19.3  84.2    6.8    3.63  2.70   30.8   25.7
Chicago       40   16.1  89.3    8.4    3.35  2.70   30.4   25.5
Washington    40   21.1  91.2    9.1    3.60  2.20   30.2   27.4
Florida       42   13.3  86.8    10.7   3.07  2.95   30.0   26.0
Minnesota     43   16.8  83.8    8.2    3.23  2.56   29.9   26.1
Rangers       41   14.8  90.3    8.3    3.39  2.46   29.9   27.3
Nashville     43   21.4  84.2    4.5    3.14  2.44   29.4   25.0
Anaheim       43   18.1  86.2    5.9    3.12  2.28   29.2   25.3
Ottawa        41   10.7  86.6    11.4   2.66  2.85   29.0   28.1
Vancouver     41   12.6  79.8    8.2    2.80  2.88   28.5   26.8
Carolina      45   13.6  86.6    8.2    3.20  2.73   28.4   25.2
Pittsburgh    43   18.7  88.6    7.9    3.26  2.23   28.3   25.5
Tampa Bay     41   11.7  82.6    8.1    2.71  3.02   28.0   28.8
Boston        42   17.6  80.8    10.0   3.12  2.90   27.9   28.0
St. Louis     42   15.4  82.2    8.1    3.14  2.81   27.4   26.6
Dallas        43   6.5   81.6    12.8   3.07  2.91   27.3   25.7
Colorado      41   16.5  81.9    9.4    2.63  2.85   27.0   28.8
Montreal      43   12.3  86.7    10.4   2.37  2.65   26.6   24.8
LosAngeles    43   11.8  85.3    8.6    2.67  2.65   26.1   26.2
Toronto       41   17.1  84.1    11.4   2.46  2.76   25.8   28.6
Winnipeg      41   9.4   81.7    11.1   2.34  3.51   25.6   29.9
Calgary       41   17.7  83.2    9.4    2.61  3.56   25.5   32.8
Columbus      42   17.5  82.6    8.3    2.64  2.45   25.1   28.3
Philly        43   11.4  79.2    8.7    2.23  3.35   24.6   29.2
Detroit       41   12.8  86.8    8.0    2.20  4.29   23.8   33.7
Buffalo       42   16.5  85.6    10.7   2.40  3.57   23.6   30.7
Phoenix       42   9.4   85.2    12.9   2.02  3.69   23.0   33.0
Islanders     44   11.6  81.8    10.4   2.25  3.59   22.8   28.5
</PRE>
<H3>Shots Against</H3>
<PRE>              GP    PP%   PK%   PIM/G   GF/G  GA/G   SF/G   <b>SA/G</b>
New Jersey    41   18.8  90.3    8.7    3.56  2.46   31.7   24.8
Montreal      43   12.3  86.7    10.4   2.37  2.65   26.6   24.8
Nashville     43   21.4  84.2    4.5    3.14  2.44   29.4   25.0
Carolina      45   13.6  86.6    8.2    3.20  2.73   28.4   25.2
Edmonton      40   15.8  87.3    8.3    3.73  2.48   32.3   25.3
Anaheim       43   18.1  86.2    5.9    3.12  2.28   29.2   25.3
Chicago       40   16.1  89.3    8.4    3.35  2.70   30.4   25.5
Pittsburgh    43   18.7  88.6    7.9    3.26  2.23   28.3   25.5
Dallas        43   6.5   81.6    12.8   3.07  2.91   27.3   25.7
San Jose      40   19.3  84.2    6.8    3.63  2.70   30.8   25.7
Florida       42   13.3  86.8    10.7   3.07  2.95   30.0   26.0
Minnesota     43   16.8  83.8    8.2    3.23  2.56   29.9   26.1
LosAngeles    43   11.8  85.3    8.6    2.67  2.65   26.1   26.2
St. Louis     42   15.4  82.2    8.1    3.14  2.81   27.4   26.6
Vancouver     41   12.6  79.8    8.2    2.80  2.88   28.5   26.8
Rangers       41   14.8  90.3    8.3    3.39  2.46   29.9   27.3
Washington    40   21.1  91.2    9.1    3.60  2.20   30.2   27.4
Boston        42   17.6  80.8    10.0   3.12  2.90   27.9   28.0
Ottawa        41   10.7  86.6    11.4   2.66  2.85   29.0   28.1
Columbus      42   17.5  82.6    8.3    2.64  2.45   25.1   28.3
Islanders     44   11.6  81.8    10.4   2.25  3.59   22.8   28.5
Toronto       41   17.1  84.1    11.4   2.46  2.76   25.8   28.6
Tampa Bay     41   11.7  82.6    8.1    2.71  3.02   28.0   28.8
Colorado      41   16.5  81.9    9.4    2.63  2.85   27.0   28.8
Philly        43   11.4  79.2    8.7    2.23  3.35   24.6   29.2
Winnipeg      41   9.4   81.7    11.1   2.34  3.51   25.6   29.9
Buffalo       42   16.5  85.6    10.7   2.40  3.57   23.6   30.7
Calgary       41   17.7  83.2    9.4    2.61  3.56   25.5   32.8
Phoenix       42   9.4   85.2    12.9   2.02  3.69   23.0   33.0
Detroit       41   12.8  86.8    8.0    2.20  4.29   23.8   33.7
</PRE>
</HTML>
