<HTML><TITLE>cehlPLF Team Stats</TITLE>
<!-- Generated by FHL, FHL97965278 -->
<HTML><H2>Team Statistics</H2>
<P>(As of Tuesday, Oct 22 2019)</P>
<H3>Power Play</H3>
<PRE>              GP    <b>PP%</b>   PK%   PIM/G   GF/G  GA/G   SF/G   SA/G
Florida       6    40.0  85.7    8.6    2.33  3.67   26.1   31.0
Chicago       6    27.2  68.1    13.3   2.50  3.17   29.5   30.0
Washington    13   20.8  81.0    9.6    2.77  2.15   25.6   28.0
Nashville     18   19.0  87.0    5.3    2.00  1.72   22.3   23.4
Pittsburgh    11   17.6  92.3    7.2    3.45  3.00   28.3   29.5
Rangers       31   17.3  94.1    7.2    2.87  2.35   26.7   26.3
Edmonton      27   16.6  91.2    5.7    2.78  2.41   28.0   24.9
New Jersey    20   10.9  81.9    8.9    2.90  2.65   29.6   26.9
Minnesota     8    9.0   92.8    4.8    2.13  2.50   22.5   21.5
San Jose      10   9.0   100.0   5.3    2.10  2.20   23.9   21.0
Anaheim       5    9.0   69.2    5.6    2.60  4.00   27.4   34.0
Montreal      6    5.8   66.6    4.5    1.00  3.00   23.6   25.1
Dallas        17   5.4   87.0    12.9   2.59  2.41   24.7   26.1
Columbus      4    0.0   82.3    14.7   2.25  3.50   24.0   32.7
Toronto       5    0.0   82.3    11.2   3.00  4.80   27.2   30.8
Carolina      9    0.0   80.0    5.2    1.67  2.00   25.6   22.7
</PRE>
<H3>Penalty Kill</H3>
<PRE>              GP    PP%   <b>PK%</b>   PIM/G   GF/G  GA/G   SF/G   SA/G
San Jose      10   9.0   100.0   5.3    2.10  2.20   23.9   21.0
Rangers       31   17.3  94.1    7.2    2.87  2.35   26.7   26.3
Minnesota     8    9.0   92.8    4.8    2.13  2.50   22.5   21.5
Pittsburgh    11   17.6  92.3    7.2    3.45  3.00   28.3   29.5
Edmonton      27   16.6  91.2    5.7    2.78  2.41   28.0   24.9
Nashville     18   19.0  87.0    5.3    2.00  1.72   22.3   23.4
Dallas        17   5.4   87.0    12.9   2.59  2.41   24.7   26.1
Florida       6    40.0  85.7    8.6    2.33  3.67   26.1   31.0
Columbus      4    0.0   82.3    14.7   2.25  3.50   24.0   32.7
Toronto       5    0.0   82.3    11.2   3.00  4.80   27.2   30.8
New Jersey    20   10.9  81.9    8.9    2.90  2.65   29.6   26.9
Washington    13   20.8  81.0    9.6    2.77  2.15   25.6   28.0
Carolina      9    0.0   80.0    5.2    1.67  2.00   25.6   22.7
Anaheim       5    9.0   69.2    5.6    2.60  4.00   27.4   34.0
Chicago       6    27.2  68.1    13.3   2.50  3.17   29.5   30.0
Montreal      6    5.8   66.6    4.5    1.00  3.00   23.6   25.1
</PRE>
<H3>Penalty Minutes</H3>
<PRE>              GP    PP%   PK%   <b>PIM/G</b>   GF/G  GA/G   SF/G   SA/G
Columbus      4    0.0   82.3    14.7   2.25  3.50   24.0   32.7
Chicago       6    27.2  68.1    13.3   2.50  3.17   29.5   30.0
Dallas        17   5.4   87.0    12.9   2.59  2.41   24.7   26.1
Toronto       5    0.0   82.3    11.2   3.00  4.80   27.2   30.8
Washington    13   20.8  81.0    9.6    2.77  2.15   25.6   28.0
New Jersey    20   10.9  81.9    8.9    2.90  2.65   29.6   26.9
Florida       6    40.0  85.7    8.6    2.33  3.67   26.1   31.0
Pittsburgh    11   17.6  92.3    7.2    3.45  3.00   28.3   29.5
Rangers       31   17.3  94.1    7.2    2.87  2.35   26.7   26.3
Edmonton      27   16.6  91.2    5.7    2.78  2.41   28.0   24.9
Anaheim       5    9.0   69.2    5.6    2.60  4.00   27.4   34.0
Nashville     18   19.0  87.0    5.3    2.00  1.72   22.3   23.4
San Jose      10   9.0   100.0   5.3    2.10  2.20   23.9   21.0
Carolina      9    0.0   80.0    5.2    1.67  2.00   25.6   22.7
Minnesota     8    9.0   92.8    4.8    2.13  2.50   22.5   21.5
Montreal      6    5.8   66.6    4.5    1.00  3.00   23.6   25.1
</PRE>
<H3>Team Scoring</H3>
<PRE>              GP    PP%   PK%   PIM/G   <b>GF/G</b>  GA/G   SF/G   SA/G
Pittsburgh    11   17.6  92.3    7.2    3.45  3.00   28.3   29.5
Toronto       5    0.0   82.3    11.2   3.00  4.80   27.2   30.8
New Jersey    20   10.9  81.9    8.9    2.90  2.65   29.6   26.9
Rangers       31   17.3  94.1    7.2    2.87  2.35   26.7   26.3
Edmonton      27   16.6  91.2    5.7    2.78  2.41   28.0   24.9
Washington    13   20.8  81.0    9.6    2.77  2.15   25.6   28.0
Anaheim       5    9.0   69.2    5.6    2.60  4.00   27.4   34.0
Dallas        17   5.4   87.0    12.9   2.59  2.41   24.7   26.1
Chicago       6    27.2  68.1    13.3   2.50  3.17   29.5   30.0
Florida       6    40.0  85.7    8.6    2.33  3.67   26.1   31.0
Columbus      4    0.0   82.3    14.7   2.25  3.50   24.0   32.7
Minnesota     8    9.0   92.8    4.8    2.13  2.50   22.5   21.5
San Jose      10   9.0   100.0   5.3    2.10  2.20   23.9   21.0
Nashville     18   19.0  87.0    5.3    2.00  1.72   22.3   23.4
Carolina      9    0.0   80.0    5.2    1.67  2.00   25.6   22.7
Montreal      6    5.8   66.6    4.5    1.00  3.00   23.6   25.1
</PRE>
<H3>Team Defence</H3>
<PRE>              GP    PP%   PK%   PIM/G   GF/G  <b>GA/G</b>   SF/G   SA/G
Nashville     18   19.0  87.0    5.3    2.00  1.72   22.3   23.4
Carolina      9    0.0   80.0    5.2    1.67  2.00   25.6   22.7
Washington    13   20.8  81.0    9.6    2.77  2.15   25.6   28.0
San Jose      10   9.0   100.0   5.3    2.10  2.20   23.9   21.0
Rangers       31   17.3  94.1    7.2    2.87  2.35   26.7   26.3
Edmonton      27   16.6  91.2    5.7    2.78  2.41   28.0   24.9
Dallas        17   5.4   87.0    12.9   2.59  2.41   24.7   26.1
Minnesota     8    9.0   92.8    4.8    2.13  2.50   22.5   21.5
New Jersey    20   10.9  81.9    8.9    2.90  2.65   29.6   26.9
Montreal      6    5.8   66.6    4.5    1.00  3.00   23.6   25.1
Pittsburgh    11   17.6  92.3    7.2    3.45  3.00   28.3   29.5
Chicago       6    27.2  68.1    13.3   2.50  3.17   29.5   30.0
Columbus      4    0.0   82.3    14.7   2.25  3.50   24.0   32.7
Florida       6    40.0  85.7    8.6    2.33  3.67   26.1   31.0
Anaheim       5    9.0   69.2    5.6    2.60  4.00   27.4   34.0
Toronto       5    0.0   82.3    11.2   3.00  4.80   27.2   30.8
</PRE>
<H3>Shots For</H3>
<PRE>              GP    PP%   PK%   PIM/G   GF/G  GA/G   <b>SF/G</b>   SA/G
New Jersey    20   10.9  81.9    8.9    2.90  2.65   29.6   26.9
Chicago       6    27.2  68.1    13.3   2.50  3.17   29.5   30.0
Pittsburgh    11   17.6  92.3    7.2    3.45  3.00   28.3   29.5
Edmonton      27   16.6  91.2    5.7    2.78  2.41   28.0   24.9
Anaheim       5    9.0   69.2    5.6    2.60  4.00   27.4   34.0
Toronto       5    0.0   82.3    11.2   3.00  4.80   27.2   30.8
Rangers       31   17.3  94.1    7.2    2.87  2.35   26.7   26.3
Florida       6    40.0  85.7    8.6    2.33  3.67   26.1   31.0
Carolina      9    0.0   80.0    5.2    1.67  2.00   25.6   22.7
Washington    13   20.8  81.0    9.6    2.77  2.15   25.6   28.0
Dallas        17   5.4   87.0    12.9   2.59  2.41   24.7   26.1
Columbus      4    0.0   82.3    14.7   2.25  3.50   24.0   32.7
San Jose      10   9.0   100.0   5.3    2.10  2.20   23.9   21.0
Montreal      6    5.8   66.6    4.5    1.00  3.00   23.6   25.1
Minnesota     8    9.0   92.8    4.8    2.13  2.50   22.5   21.5
Nashville     18   19.0  87.0    5.3    2.00  1.72   22.3   23.4
</PRE>
<H3>Shots Against</H3>
<PRE>              GP    PP%   PK%   PIM/G   GF/G  GA/G   SF/G   <b>SA/G</b>
San Jose      10   9.0   100.0   5.3    2.10  2.20   23.9   21.0
Minnesota     8    9.0   92.8    4.8    2.13  2.50   22.5   21.5
Carolina      9    0.0   80.0    5.2    1.67  2.00   25.6   22.7
Nashville     18   19.0  87.0    5.3    2.00  1.72   22.3   23.4
Edmonton      27   16.6  91.2    5.7    2.78  2.41   28.0   24.9
Montreal      6    5.8   66.6    4.5    1.00  3.00   23.6   25.1
Dallas        17   5.4   87.0    12.9   2.59  2.41   24.7   26.1
Rangers       31   17.3  94.1    7.2    2.87  2.35   26.7   26.3
New Jersey    20   10.9  81.9    8.9    2.90  2.65   29.6   26.9
Washington    13   20.8  81.0    9.6    2.77  2.15   25.6   28.0
Pittsburgh    11   17.6  92.3    7.2    3.45  3.00   28.3   29.5
Chicago       6    27.2  68.1    13.3   2.50  3.17   29.5   30.0
Toronto       5    0.0   82.3    11.2   3.00  4.80   27.2   30.8
Florida       6    40.0  85.7    8.6    2.33  3.67   26.1   31.0
Columbus      4    0.0   82.3    14.7   2.25  3.50   24.0   32.7
Anaheim       5    9.0   69.2    5.6    2.60  4.00   27.4   34.0
</PRE>
</HTML>
