<HTML><TITLE>cehlPLF Team Stats</TITLE>
<!-- Generated by FHL, FHL97980706 -->
<HTML><H2>Team Statistics</H2>
<P>(As of Monday, Jul 31 2017)</P>
<H3>Power Play</H3>
<PRE>              GP    <b>PP%</b>   PK%   PIM/G   GF/G  GA/G   SF/G   SA/G
Nashville     6    40.0  83.3    6.0    2.67  3.50   28.0   29.5
Chicago       11   36.3  70.9    8.9    3.09  3.09   33.2   29.4
Tampa Bay     5    31.2  80.0    2.8    3.80  4.80   24.4   29.2
Washington    4    25.0  83.3    13.2   1.50  4.00   26.7   28.0
Colorado      6    21.0  61.9    9.1    2.67  3.33   30.5   35.6
Rangers       17   20.0  92.3    11.1   3.41  2.29   29.6   29.8
Ottawa        10   18.5  70.3    9.5    3.00  3.10   30.2   29.1
New Jersey    5    16.6  86.6    9.0    1.20  3.40   30.2   26.2
Edmonton      22   15.4  85.4    6.6    3.36  2.36   29.6   28.5
Montreal      22   15.2  83.7    9.6    3.68  3.36   30.6   27.0
St. Louis     15   14.7  84.2    9.1    2.53  2.20   28.4   29.1
Anaheim       11   13.3  90.0    9.7    2.73  3.09   27.0   31.0
Florida       11   12.5  81.5    10.2   3.55  2.64   26.9   30.7
Vancouver     5    0.0   100.0   9.4    1.60  2.80   27.8   28.4
Pittsburgh    6    0.0   85.7    7.6    1.50  3.00   26.1   29.6
Phoenix       6    0.0   78.9    13.5   1.67  3.00   29.6   27.0
</PRE>
<H3>Penalty Kill</H3>
<PRE>              GP    PP%   <b>PK%</b>   PIM/G   GF/G  GA/G   SF/G   SA/G
Vancouver     5    0.0   100.0   9.4    1.60  2.80   27.8   28.4
Rangers       17   20.0  92.3    11.1   3.41  2.29   29.6   29.8
Anaheim       11   13.3  90.0    9.7    2.73  3.09   27.0   31.0
New Jersey    5    16.6  86.6    9.0    1.20  3.40   30.2   26.2
Pittsburgh    6    0.0   85.7    7.6    1.50  3.00   26.1   29.6
Edmonton      22   15.4  85.4    6.6    3.36  2.36   29.6   28.5
St. Louis     15   14.7  84.2    9.1    2.53  2.20   28.4   29.1
Montreal      22   15.2  83.7    9.6    3.68  3.36   30.6   27.0
Washington    4    25.0  83.3    13.2   1.50  4.00   26.7   28.0
Nashville     6    40.0  83.3    6.0    2.67  3.50   28.0   29.5
Florida       11   12.5  81.5    10.2   3.55  2.64   26.9   30.7
Tampa Bay     5    31.2  80.0    2.8    3.80  4.80   24.4   29.2
Phoenix       6    0.0   78.9    13.5   1.67  3.00   29.6   27.0
Chicago       11   36.3  70.9    8.9    3.09  3.09   33.2   29.4
Ottawa        10   18.5  70.3    9.5    3.00  3.10   30.2   29.1
Colorado      6    21.0  61.9    9.1    2.67  3.33   30.5   35.6
</PRE>
<H3>Penalty Minutes</H3>
<PRE>              GP    PP%   PK%   <b>PIM/G</b>   GF/G  GA/G   SF/G   SA/G
Phoenix       6    0.0   78.9    13.5   1.67  3.00   29.6   27.0
Washington    4    25.0  83.3    13.2   1.50  4.00   26.7   28.0
Rangers       17   20.0  92.3    11.1   3.41  2.29   29.6   29.8
Florida       11   12.5  81.5    10.2   3.55  2.64   26.9   30.7
Anaheim       11   13.3  90.0    9.7    2.73  3.09   27.0   31.0
Montreal      22   15.2  83.7    9.6    3.68  3.36   30.6   27.0
Ottawa        10   18.5  70.3    9.5    3.00  3.10   30.2   29.1
Vancouver     5    0.0   100.0   9.4    1.60  2.80   27.8   28.4
Colorado      6    21.0  61.9    9.1    2.67  3.33   30.5   35.6
St. Louis     15   14.7  84.2    9.1    2.53  2.20   28.4   29.1
New Jersey    5    16.6  86.6    9.0    1.20  3.40   30.2   26.2
Chicago       11   36.3  70.9    8.9    3.09  3.09   33.2   29.4
Pittsburgh    6    0.0   85.7    7.6    1.50  3.00   26.1   29.6
Edmonton      22   15.4  85.4    6.6    3.36  2.36   29.6   28.5
Nashville     6    40.0  83.3    6.0    2.67  3.50   28.0   29.5
Tampa Bay     5    31.2  80.0    2.8    3.80  4.80   24.4   29.2
</PRE>
<H3>Team Scoring</H3>
<PRE>              GP    PP%   PK%   PIM/G   <b>GF/G</b>  GA/G   SF/G   SA/G
Tampa Bay     5    31.2  80.0    2.8    3.80  4.80   24.4   29.2
Montreal      22   15.2  83.7    9.6    3.68  3.36   30.6   27.0
Florida       11   12.5  81.5    10.2   3.55  2.64   26.9   30.7
Rangers       17   20.0  92.3    11.1   3.41  2.29   29.6   29.8
Edmonton      22   15.4  85.4    6.6    3.36  2.36   29.6   28.5
Chicago       11   36.3  70.9    8.9    3.09  3.09   33.2   29.4
Ottawa        10   18.5  70.3    9.5    3.00  3.10   30.2   29.1
Anaheim       11   13.3  90.0    9.7    2.73  3.09   27.0   31.0
Nashville     6    40.0  83.3    6.0    2.67  3.50   28.0   29.5
Colorado      6    21.0  61.9    9.1    2.67  3.33   30.5   35.6
St. Louis     15   14.7  84.2    9.1    2.53  2.20   28.4   29.1
Phoenix       6    0.0   78.9    13.5   1.67  3.00   29.6   27.0
Vancouver     5    0.0   100.0   9.4    1.60  2.80   27.8   28.4
Washington    4    25.0  83.3    13.2   1.50  4.00   26.7   28.0
Pittsburgh    6    0.0   85.7    7.6    1.50  3.00   26.1   29.6
New Jersey    5    16.6  86.6    9.0    1.20  3.40   30.2   26.2
</PRE>
<H3>Team Defence</H3>
<PRE>              GP    PP%   PK%   PIM/G   GF/G  <b>GA/G</b>   SF/G   SA/G
St. Louis     15   14.7  84.2    9.1    2.53  2.20   28.4   29.1
Rangers       17   20.0  92.3    11.1   3.41  2.29   29.6   29.8
Edmonton      22   15.4  85.4    6.6    3.36  2.36   29.6   28.5
Florida       11   12.5  81.5    10.2   3.55  2.64   26.9   30.7
Vancouver     5    0.0   100.0   9.4    1.60  2.80   27.8   28.4
Phoenix       6    0.0   78.9    13.5   1.67  3.00   29.6   27.0
Pittsburgh    6    0.0   85.7    7.6    1.50  3.00   26.1   29.6
Anaheim       11   13.3  90.0    9.7    2.73  3.09   27.0   31.0
Chicago       11   36.3  70.9    8.9    3.09  3.09   33.2   29.4
Ottawa        10   18.5  70.3    9.5    3.00  3.10   30.2   29.1
Colorado      6    21.0  61.9    9.1    2.67  3.33   30.5   35.6
Montreal      22   15.2  83.7    9.6    3.68  3.36   30.6   27.0
New Jersey    5    16.6  86.6    9.0    1.20  3.40   30.2   26.2
Nashville     6    40.0  83.3    6.0    2.67  3.50   28.0   29.5
Washington    4    25.0  83.3    13.2   1.50  4.00   26.7   28.0
Tampa Bay     5    31.2  80.0    2.8    3.80  4.80   24.4   29.2
</PRE>
<H3>Shots For</H3>
<PRE>              GP    PP%   PK%   PIM/G   GF/G  GA/G   <b>SF/G</b>   SA/G
Chicago       11   36.3  70.9    8.9    3.09  3.09   33.2   29.4
Montreal      22   15.2  83.7    9.6    3.68  3.36   30.6   27.0
Colorado      6    21.0  61.9    9.1    2.67  3.33   30.5   35.6
Ottawa        10   18.5  70.3    9.5    3.00  3.10   30.2   29.1
New Jersey    5    16.6  86.6    9.0    1.20  3.40   30.2   26.2
Edmonton      22   15.4  85.4    6.6    3.36  2.36   29.6   28.5
Phoenix       6    0.0   78.9    13.5   1.67  3.00   29.6   27.0
Rangers       17   20.0  92.3    11.1   3.41  2.29   29.6   29.8
St. Louis     15   14.7  84.2    9.1    2.53  2.20   28.4   29.1
Nashville     6    40.0  83.3    6.0    2.67  3.50   28.0   29.5
Vancouver     5    0.0   100.0   9.4    1.60  2.80   27.8   28.4
Anaheim       11   13.3  90.0    9.7    2.73  3.09   27.0   31.0
Florida       11   12.5  81.5    10.2   3.55  2.64   26.9   30.7
Washington    4    25.0  83.3    13.2   1.50  4.00   26.7   28.0
Pittsburgh    6    0.0   85.7    7.6    1.50  3.00   26.1   29.6
Tampa Bay     5    31.2  80.0    2.8    3.80  4.80   24.4   29.2
</PRE>
<H3>Shots Against</H3>
<PRE>              GP    PP%   PK%   PIM/G   GF/G  GA/G   SF/G   <b>SA/G</b>
New Jersey    5    16.6  86.6    9.0    1.20  3.40   30.2   26.2
Phoenix       6    0.0   78.9    13.5   1.67  3.00   29.6   27.0
Montreal      22   15.2  83.7    9.6    3.68  3.36   30.6   27.0
Washington    4    25.0  83.3    13.2   1.50  4.00   26.7   28.0
Vancouver     5    0.0   100.0   9.4    1.60  2.80   27.8   28.4
Edmonton      22   15.4  85.4    6.6    3.36  2.36   29.6   28.5
Ottawa        10   18.5  70.3    9.5    3.00  3.10   30.2   29.1
St. Louis     15   14.7  84.2    9.1    2.53  2.20   28.4   29.1
Tampa Bay     5    31.2  80.0    2.8    3.80  4.80   24.4   29.2
Chicago       11   36.3  70.9    8.9    3.09  3.09   33.2   29.4
Nashville     6    40.0  83.3    6.0    2.67  3.50   28.0   29.5
Pittsburgh    6    0.0   85.7    7.6    1.50  3.00   26.1   29.6
Rangers       17   20.0  92.3    11.1   3.41  2.29   29.6   29.8
Florida       11   12.5  81.5    10.2   3.55  2.64   26.9   30.7
Anaheim       11   13.3  90.0    9.7    2.73  3.09   27.0   31.0
Colorado      6    21.0  61.9    9.1    2.67  3.33   30.5   35.6
</PRE>
</HTML>
