<HTML><TITLE>cehl Team Stats</TITLE>
<!-- Generated by FHL, FHL97965278 -->
<HTML><H2>Team Statistics</H2>
<P>(As of Thursday, Sep 13 2018)</P>
<H3>Power Play</H3>
<PRE>              GP    <b>PP%</b>   PK%   PIM/G   GF/G  GA/G   SF/G   SA/G
Washington    54   23.5  84.0    3.3    3.26  2.24   26.5   23.5
Chicago       50   22.8  80.9    9.6    3.12  2.44   29.0   27.0
Islanders     51   20.4  84.7    7.2    2.43  3.20   26.5   30.0
Philly        52   20.2  85.7    4.9    2.73  3.33   25.6   28.4
Winnipeg      52   20.0  78.7    3.0    2.63  2.88   25.9   29.4
Montreal      54   19.7  93.5    6.4    2.96  2.46   27.6   25.7
San Jose      52   19.4  82.3    7.4    2.88  2.71   27.4   26.8
Colorado      54   19.4  80.6    6.2    3.02  3.02   25.5   26.2
Tampa Bay     53   18.5  82.5    3.7    2.83  2.58   28.4   25.9
Minnesota     53   18.1  76.4    4.6    3.32  2.94   28.0   25.6
Pittsburgh    49   18.1  89.6    5.4    3.00  2.65   28.1   28.5
Calgary       51   17.6  62.3    3.9    2.18  4.49   24.1   31.0
Vancouver     50   17.5  86.8    4.8    3.32  2.56   26.9   24.8
Nashville     53   17.1  89.0    3.6    3.00  2.58   27.2   24.9
New Jersey    52   17.0  85.2    6.1    2.98  2.50   28.8   26.0
Columbus      53   15.9  89.8    5.0    2.53  2.40   24.9   26.2
Anaheim       53   15.3  80.0    2.9    3.00  2.47   27.9   26.6
Ottawa        51   15.2  88.0    6.8    2.96  2.94   28.4   26.3
Dallas        51   14.7  88.1    6.0    3.31  2.94   28.5   26.3
Boston        54   14.1  83.6    2.6    2.89  2.56   26.0   27.0
Edmonton      57   14.1  89.6    3.2    2.63  2.30   25.6   25.2
St. Louis     51   13.9  82.8    3.3    2.39  2.75   26.5   26.5
Florida       54   13.4  81.1    4.6    2.56  3.09   26.5   26.1
LosAngeles    53   13.0  83.1    3.8    2.96  3.04   27.6   27.1
Rangers       56   12.9  93.9    4.1    2.93  2.18   27.0   23.9
Toronto       51   11.2  84.2    3.7    2.41  3.06   27.1   26.8
Carolina      57   10.6  85.0    3.2    2.77  2.18   25.5   24.8
Detroit       54   8.4   79.6    6.6    2.26  3.52   23.0   30.4
Phoenix       50   6.6   85.7    6.4    2.76  3.28   27.1   28.5
Buffalo       53   5.0   86.1    6.8    2.40  3.32   25.4   27.4
</PRE>
<H3>Penalty Kill</H3>
<PRE>              GP    PP%   <b>PK%</b>   PIM/G   GF/G  GA/G   SF/G   SA/G
Rangers       56   12.9  93.9    4.1    2.93  2.18   27.0   23.9
Montreal      54   19.7  93.5    6.4    2.96  2.46   27.6   25.7
Columbus      53   15.9  89.8    5.0    2.53  2.40   24.9   26.2
Pittsburgh    49   18.1  89.6    5.4    3.00  2.65   28.1   28.5
Edmonton      57   14.1  89.6    3.2    2.63  2.30   25.6   25.2
Nashville     53   17.1  89.0    3.6    3.00  2.58   27.2   24.9
Dallas        51   14.7  88.1    6.0    3.31  2.94   28.5   26.3
Ottawa        51   15.2  88.0    6.8    2.96  2.94   28.4   26.3
Vancouver     50   17.5  86.8    4.8    3.32  2.56   26.9   24.8
Buffalo       53   5.0   86.1    6.8    2.40  3.32   25.4   27.4
Phoenix       50   6.6   85.7    6.4    2.76  3.28   27.1   28.5
Philly        52   20.2  85.7    4.9    2.73  3.33   25.6   28.4
New Jersey    52   17.0  85.2    6.1    2.98  2.50   28.8   26.0
Carolina      57   10.6  85.0    3.2    2.77  2.18   25.5   24.8
Islanders     51   20.4  84.7    7.2    2.43  3.20   26.5   30.0
Toronto       51   11.2  84.2    3.7    2.41  3.06   27.1   26.8
Washington    54   23.5  84.0    3.3    3.26  2.24   26.5   23.5
Boston        54   14.1  83.6    2.6    2.89  2.56   26.0   27.0
LosAngeles    53   13.0  83.1    3.8    2.96  3.04   27.6   27.1
St. Louis     51   13.9  82.8    3.3    2.39  2.75   26.5   26.5
Tampa Bay     53   18.5  82.5    3.7    2.83  2.58   28.4   25.9
San Jose      52   19.4  82.3    7.4    2.88  2.71   27.4   26.8
Florida       54   13.4  81.1    4.6    2.56  3.09   26.5   26.1
Chicago       50   22.8  80.9    9.6    3.12  2.44   29.0   27.0
Colorado      54   19.4  80.6    6.2    3.02  3.02   25.5   26.2
Anaheim       53   15.3  80.0    2.9    3.00  2.47   27.9   26.6
Detroit       54   8.4   79.6    6.6    2.26  3.52   23.0   30.4
Winnipeg      52   20.0  78.7    3.0    2.63  2.88   25.9   29.4
Minnesota     53   18.1  76.4    4.6    3.32  2.94   28.0   25.6
Calgary       51   17.6  62.3    3.9    2.18  4.49   24.1   31.0
</PRE>
<H3>Penalty Minutes</H3>
<PRE>              GP    PP%   PK%   <b>PIM/G</b>   GF/G  GA/G   SF/G   SA/G
Chicago       50   22.8  80.9    9.6    3.12  2.44   29.0   27.0
San Jose      52   19.4  82.3    7.4    2.88  2.71   27.4   26.8
Islanders     51   20.4  84.7    7.2    2.43  3.20   26.5   30.0
Buffalo       53   5.0   86.1    6.8    2.40  3.32   25.4   27.4
Ottawa        51   15.2  88.0    6.8    2.96  2.94   28.4   26.3
Detroit       54   8.4   79.6    6.6    2.26  3.52   23.0   30.4
Montreal      54   19.7  93.5    6.4    2.96  2.46   27.6   25.7
Phoenix       50   6.6   85.7    6.4    2.76  3.28   27.1   28.5
Colorado      54   19.4  80.6    6.2    3.02  3.02   25.5   26.2
New Jersey    52   17.0  85.2    6.1    2.98  2.50   28.8   26.0
Dallas        51   14.7  88.1    6.0    3.31  2.94   28.5   26.3
Pittsburgh    49   18.1  89.6    5.4    3.00  2.65   28.1   28.5
Columbus      53   15.9  89.8    5.0    2.53  2.40   24.9   26.2
Philly        52   20.2  85.7    4.9    2.73  3.33   25.6   28.4
Vancouver     50   17.5  86.8    4.8    3.32  2.56   26.9   24.8
Florida       54   13.4  81.1    4.6    2.56  3.09   26.5   26.1
Minnesota     53   18.1  76.4    4.6    3.32  2.94   28.0   25.6
Rangers       56   12.9  93.9    4.1    2.93  2.18   27.0   23.9
Calgary       51   17.6  62.3    3.9    2.18  4.49   24.1   31.0
LosAngeles    53   13.0  83.1    3.8    2.96  3.04   27.6   27.1
Tampa Bay     53   18.5  82.5    3.7    2.83  2.58   28.4   25.9
Toronto       51   11.2  84.2    3.7    2.41  3.06   27.1   26.8
Nashville     53   17.1  89.0    3.6    3.00  2.58   27.2   24.9
Washington    54   23.5  84.0    3.3    3.26  2.24   26.5   23.5
St. Louis     51   13.9  82.8    3.3    2.39  2.75   26.5   26.5
Edmonton      57   14.1  89.6    3.2    2.63  2.30   25.6   25.2
Carolina      57   10.6  85.0    3.2    2.77  2.18   25.5   24.8
Winnipeg      52   20.0  78.7    3.0    2.63  2.88   25.9   29.4
Anaheim       53   15.3  80.0    2.9    3.00  2.47   27.9   26.6
Boston        54   14.1  83.6    2.6    2.89  2.56   26.0   27.0
</PRE>
<H3>Team Scoring</H3>
<PRE>              GP    PP%   PK%   PIM/G   <b>GF/G</b>  GA/G   SF/G   SA/G
Minnesota     53   18.1  76.4    4.6    3.32  2.94   28.0   25.6
Vancouver     50   17.5  86.8    4.8    3.32  2.56   26.9   24.8
Dallas        51   14.7  88.1    6.0    3.31  2.94   28.5   26.3
Washington    54   23.5  84.0    3.3    3.26  2.24   26.5   23.5
Chicago       50   22.8  80.9    9.6    3.12  2.44   29.0   27.0
Colorado      54   19.4  80.6    6.2    3.02  3.02   25.5   26.2
Pittsburgh    49   18.1  89.6    5.4    3.00  2.65   28.1   28.5
Nashville     53   17.1  89.0    3.6    3.00  2.58   27.2   24.9
Anaheim       53   15.3  80.0    2.9    3.00  2.47   27.9   26.6
New Jersey    52   17.0  85.2    6.1    2.98  2.50   28.8   26.0
Montreal      54   19.7  93.5    6.4    2.96  2.46   27.6   25.7
LosAngeles    53   13.0  83.1    3.8    2.96  3.04   27.6   27.1
Ottawa        51   15.2  88.0    6.8    2.96  2.94   28.4   26.3
Rangers       56   12.9  93.9    4.1    2.93  2.18   27.0   23.9
Boston        54   14.1  83.6    2.6    2.89  2.56   26.0   27.0
San Jose      52   19.4  82.3    7.4    2.88  2.71   27.4   26.8
Tampa Bay     53   18.5  82.5    3.7    2.83  2.58   28.4   25.9
Carolina      57   10.6  85.0    3.2    2.77  2.18   25.5   24.8
Phoenix       50   6.6   85.7    6.4    2.76  3.28   27.1   28.5
Philly        52   20.2  85.7    4.9    2.73  3.33   25.6   28.4
Winnipeg      52   20.0  78.7    3.0    2.63  2.88   25.9   29.4
Edmonton      57   14.1  89.6    3.2    2.63  2.30   25.6   25.2
Florida       54   13.4  81.1    4.6    2.56  3.09   26.5   26.1
Columbus      53   15.9  89.8    5.0    2.53  2.40   24.9   26.2
Islanders     51   20.4  84.7    7.2    2.43  3.20   26.5   30.0
Toronto       51   11.2  84.2    3.7    2.41  3.06   27.1   26.8
Buffalo       53   5.0   86.1    6.8    2.40  3.32   25.4   27.4
St. Louis     51   13.9  82.8    3.3    2.39  2.75   26.5   26.5
Detroit       54   8.4   79.6    6.6    2.26  3.52   23.0   30.4
Calgary       51   17.6  62.3    3.9    2.18  4.49   24.1   31.0
</PRE>
<H3>Team Defence</H3>
<PRE>              GP    PP%   PK%   PIM/G   GF/G  <b>GA/G</b>   SF/G   SA/G
Carolina      57   10.6  85.0    3.2    2.77  2.18   25.5   24.8
Rangers       56   12.9  93.9    4.1    2.93  2.18   27.0   23.9
Washington    54   23.5  84.0    3.3    3.26  2.24   26.5   23.5
Edmonton      57   14.1  89.6    3.2    2.63  2.30   25.6   25.2
Columbus      53   15.9  89.8    5.0    2.53  2.40   24.9   26.2
Chicago       50   22.8  80.9    9.6    3.12  2.44   29.0   27.0
Montreal      54   19.7  93.5    6.4    2.96  2.46   27.6   25.7
Anaheim       53   15.3  80.0    2.9    3.00  2.47   27.9   26.6
New Jersey    52   17.0  85.2    6.1    2.98  2.50   28.8   26.0
Boston        54   14.1  83.6    2.6    2.89  2.56   26.0   27.0
Vancouver     50   17.5  86.8    4.8    3.32  2.56   26.9   24.8
Nashville     53   17.1  89.0    3.6    3.00  2.58   27.2   24.9
Tampa Bay     53   18.5  82.5    3.7    2.83  2.58   28.4   25.9
Pittsburgh    49   18.1  89.6    5.4    3.00  2.65   28.1   28.5
San Jose      52   19.4  82.3    7.4    2.88  2.71   27.4   26.8
St. Louis     51   13.9  82.8    3.3    2.39  2.75   26.5   26.5
Winnipeg      52   20.0  78.7    3.0    2.63  2.88   25.9   29.4
Dallas        51   14.7  88.1    6.0    3.31  2.94   28.5   26.3
Ottawa        51   15.2  88.0    6.8    2.96  2.94   28.4   26.3
Minnesota     53   18.1  76.4    4.6    3.32  2.94   28.0   25.6
Colorado      54   19.4  80.6    6.2    3.02  3.02   25.5   26.2
LosAngeles    53   13.0  83.1    3.8    2.96  3.04   27.6   27.1
Toronto       51   11.2  84.2    3.7    2.41  3.06   27.1   26.8
Florida       54   13.4  81.1    4.6    2.56  3.09   26.5   26.1
Islanders     51   20.4  84.7    7.2    2.43  3.20   26.5   30.0
Phoenix       50   6.6   85.7    6.4    2.76  3.28   27.1   28.5
Buffalo       53   5.0   86.1    6.8    2.40  3.32   25.4   27.4
Philly        52   20.2  85.7    4.9    2.73  3.33   25.6   28.4
Detroit       54   8.4   79.6    6.6    2.26  3.52   23.0   30.4
Calgary       51   17.6  62.3    3.9    2.18  4.49   24.1   31.0
</PRE>
<H3>Shots For</H3>
<PRE>              GP    PP%   PK%   PIM/G   GF/G  GA/G   <b>SF/G</b>   SA/G
Chicago       50   22.8  80.9    9.6    3.12  2.44   29.0   27.0
New Jersey    52   17.0  85.2    6.1    2.98  2.50   28.8   26.0
Dallas        51   14.7  88.1    6.0    3.31  2.94   28.5   26.3
Tampa Bay     53   18.5  82.5    3.7    2.83  2.58   28.4   25.9
Ottawa        51   15.2  88.0    6.8    2.96  2.94   28.4   26.3
Pittsburgh    49   18.1  89.6    5.4    3.00  2.65   28.1   28.5
Minnesota     53   18.1  76.4    4.6    3.32  2.94   28.0   25.6
Anaheim       53   15.3  80.0    2.9    3.00  2.47   27.9   26.6
LosAngeles    53   13.0  83.1    3.8    2.96  3.04   27.6   27.1
Montreal      54   19.7  93.5    6.4    2.96  2.46   27.6   25.7
San Jose      52   19.4  82.3    7.4    2.88  2.71   27.4   26.8
Nashville     53   17.1  89.0    3.6    3.00  2.58   27.2   24.9
Toronto       51   11.2  84.2    3.7    2.41  3.06   27.1   26.8
Phoenix       50   6.6   85.7    6.4    2.76  3.28   27.1   28.5
Rangers       56   12.9  93.9    4.1    2.93  2.18   27.0   23.9
Vancouver     50   17.5  86.8    4.8    3.32  2.56   26.9   24.8
St. Louis     51   13.9  82.8    3.3    2.39  2.75   26.5   26.5
Washington    54   23.5  84.0    3.3    3.26  2.24   26.5   23.5
Florida       54   13.4  81.1    4.6    2.56  3.09   26.5   26.1
Islanders     51   20.4  84.7    7.2    2.43  3.20   26.5   30.0
Boston        54   14.1  83.6    2.6    2.89  2.56   26.0   27.0
Winnipeg      52   20.0  78.7    3.0    2.63  2.88   25.9   29.4
Philly        52   20.2  85.7    4.9    2.73  3.33   25.6   28.4
Edmonton      57   14.1  89.6    3.2    2.63  2.30   25.6   25.2
Colorado      54   19.4  80.6    6.2    3.02  3.02   25.5   26.2
Carolina      57   10.6  85.0    3.2    2.77  2.18   25.5   24.8
Buffalo       53   5.0   86.1    6.8    2.40  3.32   25.4   27.4
Columbus      53   15.9  89.8    5.0    2.53  2.40   24.9   26.2
Calgary       51   17.6  62.3    3.9    2.18  4.49   24.1   31.0
Detroit       54   8.4   79.6    6.6    2.26  3.52   23.0   30.4
</PRE>
<H3>Shots Against</H3>
<PRE>              GP    PP%   PK%   PIM/G   GF/G  GA/G   SF/G   <b>SA/G</b>
Washington    54   23.5  84.0    3.3    3.26  2.24   26.5   23.5
Rangers       56   12.9  93.9    4.1    2.93  2.18   27.0   23.9
Carolina      57   10.6  85.0    3.2    2.77  2.18   25.5   24.8
Vancouver     50   17.5  86.8    4.8    3.32  2.56   26.9   24.8
Nashville     53   17.1  89.0    3.6    3.00  2.58   27.2   24.9
Edmonton      57   14.1  89.6    3.2    2.63  2.30   25.6   25.2
Minnesota     53   18.1  76.4    4.6    3.32  2.94   28.0   25.6
Montreal      54   19.7  93.5    6.4    2.96  2.46   27.6   25.7
Tampa Bay     53   18.5  82.5    3.7    2.83  2.58   28.4   25.9
New Jersey    52   17.0  85.2    6.1    2.98  2.50   28.8   26.0
Florida       54   13.4  81.1    4.6    2.56  3.09   26.5   26.1
Colorado      54   19.4  80.6    6.2    3.02  3.02   25.5   26.2
Columbus      53   15.9  89.8    5.0    2.53  2.40   24.9   26.2
Ottawa        51   15.2  88.0    6.8    2.96  2.94   28.4   26.3
Dallas        51   14.7  88.1    6.0    3.31  2.94   28.5   26.3
St. Louis     51   13.9  82.8    3.3    2.39  2.75   26.5   26.5
Anaheim       53   15.3  80.0    2.9    3.00  2.47   27.9   26.6
Toronto       51   11.2  84.2    3.7    2.41  3.06   27.1   26.8
San Jose      52   19.4  82.3    7.4    2.88  2.71   27.4   26.8
Boston        54   14.1  83.6    2.6    2.89  2.56   26.0   27.0
Chicago       50   22.8  80.9    9.6    3.12  2.44   29.0   27.0
LosAngeles    53   13.0  83.1    3.8    2.96  3.04   27.6   27.1
Buffalo       53   5.0   86.1    6.8    2.40  3.32   25.4   27.4
Philly        52   20.2  85.7    4.9    2.73  3.33   25.6   28.4
Phoenix       50   6.6   85.7    6.4    2.76  3.28   27.1   28.5
Pittsburgh    49   18.1  89.6    5.4    3.00  2.65   28.1   28.5
Winnipeg      52   20.0  78.7    3.0    2.63  2.88   25.9   29.4
Islanders     51   20.4  84.7    7.2    2.43  3.20   26.5   30.0
Detroit       54   8.4   79.6    6.6    2.26  3.52   23.0   30.4
Calgary       51   17.6  62.3    3.9    2.18  4.49   24.1   31.0
</PRE>
</HTML>
