<HTML><TITLE>cehl Team Stats</TITLE>
<!-- Generated by FHL, FHL97965278 -->
<HTML><H2>Team Statistics</H2>
<P>(As of Monday, Oct 22 2018)</P>
<H3>Power Play</H3>
<PRE>              GP    <b>PP%</b>   PK%   PIM/G   GF/G  GA/G   SF/G   SA/G
Washington    76   21.6  85.9    3.5    3.71  2.33   30.3   26.5
Chicago       76   21.1  84.4    9.3    3.42  2.55   30.0   26.8
Montreal      77   20.5  93.5    6.2    3.25  2.56   30.0   27.5
Winnipeg      77   20.3  81.3    3.7    2.84  3.05   27.7   30.8
Pittsburgh    76   18.4  86.3    5.9    3.07  2.64   29.0   28.1
Ottawa        76   18.2  87.6    6.8    3.12  2.92   29.2   27.8
Islanders     75   17.9  84.1    6.9    2.49  3.32   27.4   30.7
LosAngeles    76   17.3  84.3    5.4    3.16  3.13   28.7   28.6
Philly        76   17.0  82.3    5.1    2.93  3.50   27.8   29.9
Calgary       77   17.0  68.7    3.9    2.25  4.47   25.3   31.6
Tampa Bay     75   16.9  84.4    4.1    3.09  2.95   29.9   28.4
Vancouver     76   16.6  90.4    5.1    3.30  2.88   29.0   27.4
Rangers       76   16.5  91.5    4.9    3.30  2.59   29.7   27.8
Columbus      76   16.4  89.8    5.3    2.86  2.80   27.3   28.8
New Jersey    76   16.4  85.7    5.7    3.21  2.67   30.3   27.0
Anaheim       76   15.6  83.1    3.0    3.43  2.58   29.8   27.5
San Jose      75   15.1  82.8    8.3    3.01  2.87   29.0   28.0
Minnesota     75   15.0  79.8    4.8    3.24  3.16   30.6   27.5
Nashville     76   14.7  87.6    3.6    3.28  2.87   29.3   26.8
Dallas        77   14.6  83.7    7.5    3.29  3.12   29.8   27.5
Toronto       75   14.4  82.4    4.1    2.65  3.41   27.7   28.6
Edmonton      77   13.5  88.0    3.8    3.18  2.62   30.1   28.7
Boston        77   13.3  84.3    2.7    3.21  2.81   28.0   28.8
Colorado      77   13.1  81.7    7.1    2.99  3.29   27.7   29.7
Florida       77   12.9  78.2    4.9    2.86  3.29   29.1   28.8
St. Louis     75   12.6  85.1    3.5    2.56  2.92   27.7   27.7
Phoenix       76   12.2  82.4    6.2    2.78  3.32   27.3   29.7
Detroit       77   12.0  80.7    6.0    2.32  3.86   24.9   32.4
Carolina      76   10.1  85.5    4.6    3.21  2.54   29.3   28.3
Buffalo       77   8.6   82.7    7.6    2.56  3.53   27.1   30.2
</PRE>
<H3>Penalty Kill</H3>
<PRE>              GP    PP%   <b>PK%</b>   PIM/G   GF/G  GA/G   SF/G   SA/G
Montreal      77   20.5  93.5    6.2    3.25  2.56   30.0   27.5
Rangers       76   16.5  91.5    4.9    3.30  2.59   29.7   27.8
Vancouver     76   16.6  90.4    5.1    3.30  2.88   29.0   27.4
Columbus      76   16.4  89.8    5.3    2.86  2.80   27.3   28.8
Edmonton      77   13.5  88.0    3.8    3.18  2.62   30.1   28.7
Ottawa        76   18.2  87.6    6.8    3.12  2.92   29.2   27.8
Nashville     76   14.7  87.6    3.6    3.28  2.87   29.3   26.8
Pittsburgh    76   18.4  86.3    5.9    3.07  2.64   29.0   28.1
Washington    76   21.6  85.9    3.5    3.71  2.33   30.3   26.5
New Jersey    76   16.4  85.7    5.7    3.21  2.67   30.3   27.0
Carolina      76   10.1  85.5    4.6    3.21  2.54   29.3   28.3
St. Louis     75   12.6  85.1    3.5    2.56  2.92   27.7   27.7
Tampa Bay     75   16.9  84.4    4.1    3.09  2.95   29.9   28.4
Chicago       76   21.1  84.4    9.3    3.42  2.55   30.0   26.8
LosAngeles    76   17.3  84.3    5.4    3.16  3.13   28.7   28.6
Boston        77   13.3  84.3    2.7    3.21  2.81   28.0   28.8
Islanders     75   17.9  84.1    6.9    2.49  3.32   27.4   30.7
Dallas        77   14.6  83.7    7.5    3.29  3.12   29.8   27.5
Anaheim       76   15.6  83.1    3.0    3.43  2.58   29.8   27.5
San Jose      75   15.1  82.8    8.3    3.01  2.87   29.0   28.0
Buffalo       77   8.6   82.7    7.6    2.56  3.53   27.1   30.2
Phoenix       76   12.2  82.4    6.2    2.78  3.32   27.3   29.7
Toronto       75   14.4  82.4    4.1    2.65  3.41   27.7   28.6
Philly        76   17.0  82.3    5.1    2.93  3.50   27.8   29.9
Colorado      77   13.1  81.7    7.1    2.99  3.29   27.7   29.7
Winnipeg      77   20.3  81.3    3.7    2.84  3.05   27.7   30.8
Detroit       77   12.0  80.7    6.0    2.32  3.86   24.9   32.4
Minnesota     75   15.0  79.8    4.8    3.24  3.16   30.6   27.5
Florida       77   12.9  78.2    4.9    2.86  3.29   29.1   28.8
Calgary       77   17.0  68.7    3.9    2.25  4.47   25.3   31.6
</PRE>
<H3>Penalty Minutes</H3>
<PRE>              GP    PP%   PK%   <b>PIM/G</b>   GF/G  GA/G   SF/G   SA/G
Chicago       76   21.1  84.4    9.3    3.42  2.55   30.0   26.8
San Jose      75   15.1  82.8    8.3    3.01  2.87   29.0   28.0
Buffalo       77   8.6   82.7    7.6    2.56  3.53   27.1   30.2
Dallas        77   14.6  83.7    7.5    3.29  3.12   29.8   27.5
Colorado      77   13.1  81.7    7.1    2.99  3.29   27.7   29.7
Islanders     75   17.9  84.1    6.9    2.49  3.32   27.4   30.7
Ottawa        76   18.2  87.6    6.8    3.12  2.92   29.2   27.8
Montreal      77   20.5  93.5    6.2    3.25  2.56   30.0   27.5
Phoenix       76   12.2  82.4    6.2    2.78  3.32   27.3   29.7
Detroit       77   12.0  80.7    6.0    2.32  3.86   24.9   32.4
Pittsburgh    76   18.4  86.3    5.9    3.07  2.64   29.0   28.1
New Jersey    76   16.4  85.7    5.7    3.21  2.67   30.3   27.0
LosAngeles    76   17.3  84.3    5.4    3.16  3.13   28.7   28.6
Columbus      76   16.4  89.8    5.3    2.86  2.80   27.3   28.8
Philly        76   17.0  82.3    5.1    2.93  3.50   27.8   29.9
Vancouver     76   16.6  90.4    5.1    3.30  2.88   29.0   27.4
Rangers       76   16.5  91.5    4.9    3.30  2.59   29.7   27.8
Florida       77   12.9  78.2    4.9    2.86  3.29   29.1   28.8
Minnesota     75   15.0  79.8    4.8    3.24  3.16   30.6   27.5
Carolina      76   10.1  85.5    4.6    3.21  2.54   29.3   28.3
Toronto       75   14.4  82.4    4.1    2.65  3.41   27.7   28.6
Tampa Bay     75   16.9  84.4    4.1    3.09  2.95   29.9   28.4
Calgary       77   17.0  68.7    3.9    2.25  4.47   25.3   31.6
Edmonton      77   13.5  88.0    3.8    3.18  2.62   30.1   28.7
Winnipeg      77   20.3  81.3    3.7    2.84  3.05   27.7   30.8
Nashville     76   14.7  87.6    3.6    3.28  2.87   29.3   26.8
Washington    76   21.6  85.9    3.5    3.71  2.33   30.3   26.5
St. Louis     75   12.6  85.1    3.5    2.56  2.92   27.7   27.7
Anaheim       76   15.6  83.1    3.0    3.43  2.58   29.8   27.5
Boston        77   13.3  84.3    2.7    3.21  2.81   28.0   28.8
</PRE>
<H3>Team Scoring</H3>
<PRE>              GP    PP%   PK%   PIM/G   <b>GF/G</b>  GA/G   SF/G   SA/G
Washington    76   21.6  85.9    3.5    3.71  2.33   30.3   26.5
Anaheim       76   15.6  83.1    3.0    3.43  2.58   29.8   27.5
Chicago       76   21.1  84.4    9.3    3.42  2.55   30.0   26.8
Vancouver     76   16.6  90.4    5.1    3.30  2.88   29.0   27.4
Rangers       76   16.5  91.5    4.9    3.30  2.59   29.7   27.8
Dallas        77   14.6  83.7    7.5    3.29  3.12   29.8   27.5
Nashville     76   14.7  87.6    3.6    3.28  2.87   29.3   26.8
Montreal      77   20.5  93.5    6.2    3.25  2.56   30.0   27.5
Minnesota     75   15.0  79.8    4.8    3.24  3.16   30.6   27.5
New Jersey    76   16.4  85.7    5.7    3.21  2.67   30.3   27.0
Carolina      76   10.1  85.5    4.6    3.21  2.54   29.3   28.3
Boston        77   13.3  84.3    2.7    3.21  2.81   28.0   28.8
Edmonton      77   13.5  88.0    3.8    3.18  2.62   30.1   28.7
LosAngeles    76   17.3  84.3    5.4    3.16  3.13   28.7   28.6
Ottawa        76   18.2  87.6    6.8    3.12  2.92   29.2   27.8
Tampa Bay     75   16.9  84.4    4.1    3.09  2.95   29.9   28.4
Pittsburgh    76   18.4  86.3    5.9    3.07  2.64   29.0   28.1
San Jose      75   15.1  82.8    8.3    3.01  2.87   29.0   28.0
Colorado      77   13.1  81.7    7.1    2.99  3.29   27.7   29.7
Philly        76   17.0  82.3    5.1    2.93  3.50   27.8   29.9
Florida       77   12.9  78.2    4.9    2.86  3.29   29.1   28.8
Columbus      76   16.4  89.8    5.3    2.86  2.80   27.3   28.8
Winnipeg      77   20.3  81.3    3.7    2.84  3.05   27.7   30.8
Phoenix       76   12.2  82.4    6.2    2.78  3.32   27.3   29.7
Toronto       75   14.4  82.4    4.1    2.65  3.41   27.7   28.6
St. Louis     75   12.6  85.1    3.5    2.56  2.92   27.7   27.7
Buffalo       77   8.6   82.7    7.6    2.56  3.53   27.1   30.2
Islanders     75   17.9  84.1    6.9    2.49  3.32   27.4   30.7
Detroit       77   12.0  80.7    6.0    2.32  3.86   24.9   32.4
Calgary       77   17.0  68.7    3.9    2.25  4.47   25.3   31.6
</PRE>
<H3>Team Defence</H3>
<PRE>              GP    PP%   PK%   PIM/G   GF/G  <b>GA/G</b>   SF/G   SA/G
Washington    76   21.6  85.9    3.5    3.71  2.33   30.3   26.5
Carolina      76   10.1  85.5    4.6    3.21  2.54   29.3   28.3
Chicago       76   21.1  84.4    9.3    3.42  2.55   30.0   26.8
Montreal      77   20.5  93.5    6.2    3.25  2.56   30.0   27.5
Anaheim       76   15.6  83.1    3.0    3.43  2.58   29.8   27.5
Rangers       76   16.5  91.5    4.9    3.30  2.59   29.7   27.8
Edmonton      77   13.5  88.0    3.8    3.18  2.62   30.1   28.7
Pittsburgh    76   18.4  86.3    5.9    3.07  2.64   29.0   28.1
New Jersey    76   16.4  85.7    5.7    3.21  2.67   30.3   27.0
Columbus      76   16.4  89.8    5.3    2.86  2.80   27.3   28.8
Boston        77   13.3  84.3    2.7    3.21  2.81   28.0   28.8
San Jose      75   15.1  82.8    8.3    3.01  2.87   29.0   28.0
Nashville     76   14.7  87.6    3.6    3.28  2.87   29.3   26.8
Vancouver     76   16.6  90.4    5.1    3.30  2.88   29.0   27.4
St. Louis     75   12.6  85.1    3.5    2.56  2.92   27.7   27.7
Ottawa        76   18.2  87.6    6.8    3.12  2.92   29.2   27.8
Tampa Bay     75   16.9  84.4    4.1    3.09  2.95   29.9   28.4
Winnipeg      77   20.3  81.3    3.7    2.84  3.05   27.7   30.8
Dallas        77   14.6  83.7    7.5    3.29  3.12   29.8   27.5
LosAngeles    76   17.3  84.3    5.4    3.16  3.13   28.7   28.6
Minnesota     75   15.0  79.8    4.8    3.24  3.16   30.6   27.5
Colorado      77   13.1  81.7    7.1    2.99  3.29   27.7   29.7
Florida       77   12.9  78.2    4.9    2.86  3.29   29.1   28.8
Phoenix       76   12.2  82.4    6.2    2.78  3.32   27.3   29.7
Islanders     75   17.9  84.1    6.9    2.49  3.32   27.4   30.7
Toronto       75   14.4  82.4    4.1    2.65  3.41   27.7   28.6
Philly        76   17.0  82.3    5.1    2.93  3.50   27.8   29.9
Buffalo       77   8.6   82.7    7.6    2.56  3.53   27.1   30.2
Detroit       77   12.0  80.7    6.0    2.32  3.86   24.9   32.4
Calgary       77   17.0  68.7    3.9    2.25  4.47   25.3   31.6
</PRE>
<H3>Shots For</H3>
<PRE>              GP    PP%   PK%   PIM/G   GF/G  GA/G   <b>SF/G</b>   SA/G
Minnesota     75   15.0  79.8    4.8    3.24  3.16   30.6   27.5
Washington    76   21.6  85.9    3.5    3.71  2.33   30.3   26.5
New Jersey    76   16.4  85.7    5.7    3.21  2.67   30.3   27.0
Edmonton      77   13.5  88.0    3.8    3.18  2.62   30.1   28.7
Montreal      77   20.5  93.5    6.2    3.25  2.56   30.0   27.5
Chicago       76   21.1  84.4    9.3    3.42  2.55   30.0   26.8
Tampa Bay     75   16.9  84.4    4.1    3.09  2.95   29.9   28.4
Anaheim       76   15.6  83.1    3.0    3.43  2.58   29.8   27.5
Dallas        77   14.6  83.7    7.5    3.29  3.12   29.8   27.5
Rangers       76   16.5  91.5    4.9    3.30  2.59   29.7   27.8
Carolina      76   10.1  85.5    4.6    3.21  2.54   29.3   28.3
Nashville     76   14.7  87.6    3.6    3.28  2.87   29.3   26.8
Ottawa        76   18.2  87.6    6.8    3.12  2.92   29.2   27.8
Florida       77   12.9  78.2    4.9    2.86  3.29   29.1   28.8
Vancouver     76   16.6  90.4    5.1    3.30  2.88   29.0   27.4
Pittsburgh    76   18.4  86.3    5.9    3.07  2.64   29.0   28.1
San Jose      75   15.1  82.8    8.3    3.01  2.87   29.0   28.0
LosAngeles    76   17.3  84.3    5.4    3.16  3.13   28.7   28.6
Boston        77   13.3  84.3    2.7    3.21  2.81   28.0   28.8
Philly        76   17.0  82.3    5.1    2.93  3.50   27.8   29.9
Toronto       75   14.4  82.4    4.1    2.65  3.41   27.7   28.6
St. Louis     75   12.6  85.1    3.5    2.56  2.92   27.7   27.7
Colorado      77   13.1  81.7    7.1    2.99  3.29   27.7   29.7
Winnipeg      77   20.3  81.3    3.7    2.84  3.05   27.7   30.8
Islanders     75   17.9  84.1    6.9    2.49  3.32   27.4   30.7
Columbus      76   16.4  89.8    5.3    2.86  2.80   27.3   28.8
Phoenix       76   12.2  82.4    6.2    2.78  3.32   27.3   29.7
Buffalo       77   8.6   82.7    7.6    2.56  3.53   27.1   30.2
Calgary       77   17.0  68.7    3.9    2.25  4.47   25.3   31.6
Detroit       77   12.0  80.7    6.0    2.32  3.86   24.9   32.4
</PRE>
<H3>Shots Against</H3>
<PRE>              GP    PP%   PK%   PIM/G   GF/G  GA/G   SF/G   <b>SA/G</b>
Washington    76   21.6  85.9    3.5    3.71  2.33   30.3   26.5
Nashville     76   14.7  87.6    3.6    3.28  2.87   29.3   26.8
Chicago       76   21.1  84.4    9.3    3.42  2.55   30.0   26.8
New Jersey    76   16.4  85.7    5.7    3.21  2.67   30.3   27.0
Vancouver     76   16.6  90.4    5.1    3.30  2.88   29.0   27.4
Montreal      77   20.5  93.5    6.2    3.25  2.56   30.0   27.5
Anaheim       76   15.6  83.1    3.0    3.43  2.58   29.8   27.5
Dallas        77   14.6  83.7    7.5    3.29  3.12   29.8   27.5
Minnesota     75   15.0  79.8    4.8    3.24  3.16   30.6   27.5
St. Louis     75   12.6  85.1    3.5    2.56  2.92   27.7   27.7
Rangers       76   16.5  91.5    4.9    3.30  2.59   29.7   27.8
Ottawa        76   18.2  87.6    6.8    3.12  2.92   29.2   27.8
San Jose      75   15.1  82.8    8.3    3.01  2.87   29.0   28.0
Pittsburgh    76   18.4  86.3    5.9    3.07  2.64   29.0   28.1
Carolina      76   10.1  85.5    4.6    3.21  2.54   29.3   28.3
Tampa Bay     75   16.9  84.4    4.1    3.09  2.95   29.9   28.4
Toronto       75   14.4  82.4    4.1    2.65  3.41   27.7   28.6
LosAngeles    76   17.3  84.3    5.4    3.16  3.13   28.7   28.6
Edmonton      77   13.5  88.0    3.8    3.18  2.62   30.1   28.7
Columbus      76   16.4  89.8    5.3    2.86  2.80   27.3   28.8
Florida       77   12.9  78.2    4.9    2.86  3.29   29.1   28.8
Boston        77   13.3  84.3    2.7    3.21  2.81   28.0   28.8
Colorado      77   13.1  81.7    7.1    2.99  3.29   27.7   29.7
Phoenix       76   12.2  82.4    6.2    2.78  3.32   27.3   29.7
Philly        76   17.0  82.3    5.1    2.93  3.50   27.8   29.9
Buffalo       77   8.6   82.7    7.6    2.56  3.53   27.1   30.2
Islanders     75   17.9  84.1    6.9    2.49  3.32   27.4   30.7
Winnipeg      77   20.3  81.3    3.7    2.84  3.05   27.7   30.8
Calgary       77   17.0  68.7    3.9    2.25  4.47   25.3   31.6
Detroit       77   12.0  80.7    6.0    2.32  3.86   24.9   32.4
</PRE>
</HTML>
