<HTML><TITLE>cehlPLF Team Stats</TITLE>
<!-- Generated by FHL, FHL97965278 -->
<HTML><H2>Team Statistics</H2>
<P>(As of Wednesday, Jun 9 2021)</P>
<H3>Power Play</H3>
<PRE>              GP    <b>PP%</b>   PK%   PIM/G   GF/G  GA/G   SF/G   SA/G
Columbus      13   25.0  81.3    8.3    2.54  2.54   21.3   24.6
Anaheim       23   24.1  82.5    9.0    3.30  3.39   27.0   28.6
Colorado      4    23.0  82.3    13.5   1.00  3.75   25.5   25.7
Pittsburgh    6    20.0  84.2    9.5    2.00  2.67   21.0   22.3
Chicago       20   18.3  84.7    5.8    2.70  2.50   26.7   26.0
Ottawa        6    15.0  95.4    12.1   2.17  2.33   27.5   30.0
Washington    21   14.7  81.1    9.9    3.76  2.38   28.3   26.2
San Jose      6    13.7  66.6    10.3   2.33  3.17   29.0   25.0
Carolina      19   13.7  91.2    9.0    2.58  2.32   24.9   22.9
Minnesota     11   13.3  82.7    7.9    3.00  2.00   26.5   28.2
LosAngeles    5    12.5  85.7    3.6    3.40  4.00   30.4   30.0
Rangers       14   10.8  97.0    6.1    2.50  2.50   24.3   26.5
Edmonton      6    8.3   80.0    6.5    1.67  2.17   26.3   21.5
Toronto       6    7.1   80.0    4.3    2.83  3.00   29.1   26.1
New Jersey    6    6.2   77.7    10.8   1.67  3.17   20.6   21.8
Florida       11   5.5   87.1    13.0   2.27  3.18   27.9   28.5
</PRE>
<H3>Penalty Kill</H3>
<PRE>              GP    PP%   <b>PK%</b>   PIM/G   GF/G  GA/G   SF/G   SA/G
Rangers       14   10.8  97.0    6.1    2.50  2.50   24.3   26.5
Ottawa        6    15.0  95.4    12.1   2.17  2.33   27.5   30.0
Carolina      19   13.7  91.2    9.0    2.58  2.32   24.9   22.9
Florida       11   5.5   87.1    13.0   2.27  3.18   27.9   28.5
LosAngeles    5    12.5  85.7    3.6    3.40  4.00   30.4   30.0
Chicago       20   18.3  84.7    5.8    2.70  2.50   26.7   26.0
Pittsburgh    6    20.0  84.2    9.5    2.00  2.67   21.0   22.3
Minnesota     11   13.3  82.7    7.9    3.00  2.00   26.5   28.2
Anaheim       23   24.1  82.5    9.0    3.30  3.39   27.0   28.6
Colorado      4    23.0  82.3    13.5   1.00  3.75   25.5   25.7
Columbus      13   25.0  81.3    8.3    2.54  2.54   21.3   24.6
Washington    21   14.7  81.1    9.9    3.76  2.38   28.3   26.2
Toronto       6    7.1   80.0    4.3    2.83  3.00   29.1   26.1
Edmonton      6    8.3   80.0    6.5    1.67  2.17   26.3   21.5
New Jersey    6    6.2   77.7    10.8   1.67  3.17   20.6   21.8
San Jose      6    13.7  66.6    10.3   2.33  3.17   29.0   25.0
</PRE>
<H3>Penalty Minutes</H3>
<PRE>              GP    PP%   PK%   <b>PIM/G</b>   GF/G  GA/G   SF/G   SA/G
Colorado      4    23.0  82.3    13.5   1.00  3.75   25.5   25.7
Florida       11   5.5   87.1    13.0   2.27  3.18   27.9   28.5
Ottawa        6    15.0  95.4    12.1   2.17  2.33   27.5   30.0
New Jersey    6    6.2   77.7    10.8   1.67  3.17   20.6   21.8
San Jose      6    13.7  66.6    10.3   2.33  3.17   29.0   25.0
Washington    21   14.7  81.1    9.9    3.76  2.38   28.3   26.2
Pittsburgh    6    20.0  84.2    9.5    2.00  2.67   21.0   22.3
Carolina      19   13.7  91.2    9.0    2.58  2.32   24.9   22.9
Anaheim       23   24.1  82.5    9.0    3.30  3.39   27.0   28.6
Columbus      13   25.0  81.3    8.3    2.54  2.54   21.3   24.6
Minnesota     11   13.3  82.7    7.9    3.00  2.00   26.5   28.2
Edmonton      6    8.3   80.0    6.5    1.67  2.17   26.3   21.5
Rangers       14   10.8  97.0    6.1    2.50  2.50   24.3   26.5
Chicago       20   18.3  84.7    5.8    2.70  2.50   26.7   26.0
Toronto       6    7.1   80.0    4.3    2.83  3.00   29.1   26.1
LosAngeles    5    12.5  85.7    3.6    3.40  4.00   30.4   30.0
</PRE>
<H3>Team Scoring</H3>
<PRE>              GP    PP%   PK%   PIM/G   <b>GF/G</b>  GA/G   SF/G   SA/G
Washington    21   14.7  81.1    9.9    3.76  2.38   28.3   26.2
LosAngeles    5    12.5  85.7    3.6    3.40  4.00   30.4   30.0
Anaheim       23   24.1  82.5    9.0    3.30  3.39   27.0   28.6
Minnesota     11   13.3  82.7    7.9    3.00  2.00   26.5   28.2
Toronto       6    7.1   80.0    4.3    2.83  3.00   29.1   26.1
Chicago       20   18.3  84.7    5.8    2.70  2.50   26.7   26.0
Carolina      19   13.7  91.2    9.0    2.58  2.32   24.9   22.9
Columbus      13   25.0  81.3    8.3    2.54  2.54   21.3   24.6
Rangers       14   10.8  97.0    6.1    2.50  2.50   24.3   26.5
San Jose      6    13.7  66.6    10.3   2.33  3.17   29.0   25.0
Florida       11   5.5   87.1    13.0   2.27  3.18   27.9   28.5
Ottawa        6    15.0  95.4    12.1   2.17  2.33   27.5   30.0
Pittsburgh    6    20.0  84.2    9.5    2.00  2.67   21.0   22.3
New Jersey    6    6.2   77.7    10.8   1.67  3.17   20.6   21.8
Edmonton      6    8.3   80.0    6.5    1.67  2.17   26.3   21.5
Colorado      4    23.0  82.3    13.5   1.00  3.75   25.5   25.7
</PRE>
<H3>Team Defence</H3>
<PRE>              GP    PP%   PK%   PIM/G   GF/G  <b>GA/G</b>   SF/G   SA/G
Minnesota     11   13.3  82.7    7.9    3.00  2.00   26.5   28.2
Edmonton      6    8.3   80.0    6.5    1.67  2.17   26.3   21.5
Carolina      19   13.7  91.2    9.0    2.58  2.32   24.9   22.9
Ottawa        6    15.0  95.4    12.1   2.17  2.33   27.5   30.0
Washington    21   14.7  81.1    9.9    3.76  2.38   28.3   26.2
Chicago       20   18.3  84.7    5.8    2.70  2.50   26.7   26.0
Rangers       14   10.8  97.0    6.1    2.50  2.50   24.3   26.5
Columbus      13   25.0  81.3    8.3    2.54  2.54   21.3   24.6
Pittsburgh    6    20.0  84.2    9.5    2.00  2.67   21.0   22.3
Toronto       6    7.1   80.0    4.3    2.83  3.00   29.1   26.1
New Jersey    6    6.2   77.7    10.8   1.67  3.17   20.6   21.8
San Jose      6    13.7  66.6    10.3   2.33  3.17   29.0   25.0
Florida       11   5.5   87.1    13.0   2.27  3.18   27.9   28.5
Anaheim       23   24.1  82.5    9.0    3.30  3.39   27.0   28.6
Colorado      4    23.0  82.3    13.5   1.00  3.75   25.5   25.7
LosAngeles    5    12.5  85.7    3.6    3.40  4.00   30.4   30.0
</PRE>
<H3>Shots For</H3>
<PRE>              GP    PP%   PK%   PIM/G   GF/G  GA/G   <b>SF/G</b>   SA/G
LosAngeles    5    12.5  85.7    3.6    3.40  4.00   30.4   30.0
Toronto       6    7.1   80.0    4.3    2.83  3.00   29.1   26.1
San Jose      6    13.7  66.6    10.3   2.33  3.17   29.0   25.0
Washington    21   14.7  81.1    9.9    3.76  2.38   28.3   26.2
Florida       11   5.5   87.1    13.0   2.27  3.18   27.9   28.5
Ottawa        6    15.0  95.4    12.1   2.17  2.33   27.5   30.0
Anaheim       23   24.1  82.5    9.0    3.30  3.39   27.0   28.6
Chicago       20   18.3  84.7    5.8    2.70  2.50   26.7   26.0
Minnesota     11   13.3  82.7    7.9    3.00  2.00   26.5   28.2
Edmonton      6    8.3   80.0    6.5    1.67  2.17   26.3   21.5
Colorado      4    23.0  82.3    13.5   1.00  3.75   25.5   25.7
Carolina      19   13.7  91.2    9.0    2.58  2.32   24.9   22.9
Rangers       14   10.8  97.0    6.1    2.50  2.50   24.3   26.5
Columbus      13   25.0  81.3    8.3    2.54  2.54   21.3   24.6
Pittsburgh    6    20.0  84.2    9.5    2.00  2.67   21.0   22.3
New Jersey    6    6.2   77.7    10.8   1.67  3.17   20.6   21.8
</PRE>
<H3>Shots Against</H3>
<PRE>              GP    PP%   PK%   PIM/G   GF/G  GA/G   SF/G   <b>SA/G</b>
Edmonton      6    8.3   80.0    6.5    1.67  2.17   26.3   21.5
New Jersey    6    6.2   77.7    10.8   1.67  3.17   20.6   21.8
Pittsburgh    6    20.0  84.2    9.5    2.00  2.67   21.0   22.3
Carolina      19   13.7  91.2    9.0    2.58  2.32   24.9   22.9
Columbus      13   25.0  81.3    8.3    2.54  2.54   21.3   24.6
San Jose      6    13.7  66.6    10.3   2.33  3.17   29.0   25.0
Colorado      4    23.0  82.3    13.5   1.00  3.75   25.5   25.7
Chicago       20   18.3  84.7    5.8    2.70  2.50   26.7   26.0
Toronto       6    7.1   80.0    4.3    2.83  3.00   29.1   26.1
Washington    21   14.7  81.1    9.9    3.76  2.38   28.3   26.2
Rangers       14   10.8  97.0    6.1    2.50  2.50   24.3   26.5
Minnesota     11   13.3  82.7    7.9    3.00  2.00   26.5   28.2
Florida       11   5.5   87.1    13.0   2.27  3.18   27.9   28.5
Anaheim       23   24.1  82.5    9.0    3.30  3.39   27.0   28.6
LosAngeles    5    12.5  85.7    3.6    3.40  4.00   30.4   30.0
Ottawa        6    15.0  95.4    12.1   2.17  2.33   27.5   30.0
</PRE>
</HTML>
