<HTML><TITLE>cehl Team Stats</TITLE>
<!-- Generated by FHL, FHL97965278 -->
<HTML><H2>Team Statistics</H2>
<P>(As of Friday, May 7 2021)</P>
<H3>Power Play</H3>
<PRE>              GP    <b>PP%</b>   PK%   PIM/G   GF/G  GA/G   SF/G   SA/G
New Jersey    83   19.5  87.7    6.9    3.46  2.47   30.2   25.2
Anaheim       83   18.3  89.2    9.1    3.40  2.10   29.5   24.0
St. Louis     85   18.0  84.4    10.5   2.79  2.93   26.7   25.9
Toronto       85   18.0  85.2    8.7    3.13  2.35   28.3   25.1
San Jose      83   17.6  89.2    9.7    3.33  2.08   29.3   25.7
Edmonton      85   17.3  87.1    9.8    3.12  2.72   28.7   24.5
Minnesota     86   16.0  82.6    8.4    3.52  2.42   28.4   24.2
Florida       83   15.0  87.7    10.8   3.27  2.54   27.6   26.3
Tampa Bay     85   14.7  84.3    8.5    2.59  3.26   26.1   29.5
Vancouver     85   14.5  83.1    9.4    2.67  3.04   25.5   27.6
Boston        84   14.1  88.6    9.8    3.01  2.48   27.1   26.3
Columbus      85   14.1  86.9    9.6    2.72  2.59   27.6   25.9
Buffalo       84   14.0  85.4    11.5   2.71  2.82   26.3   26.4
Rangers       86   13.9  86.6    7.4    3.22  2.51   28.5   24.6
Chicago       83   13.8  91.4    8.8    3.05  2.48   28.4   25.3
Ottawa        85   13.8  88.1    8.8    2.74  2.25   27.4   25.7
LosAngeles    86   13.7  86.3    8.8    2.85  2.48   26.9   26.3
Carolina      82   13.6  88.8    10.3   3.26  2.74   30.2   26.3
Pittsburgh    82   13.4  86.9    9.0    3.44  2.96   29.5   26.4
Dallas        89   12.8  86.2    14.5   2.30  2.78   22.7   27.0
Nashville     85   12.8  85.5    7.9    2.86  2.98   27.6   26.6
Winnipeg      85   12.7  85.1    8.6    2.39  3.52   25.4   28.7
Phoenix       85   12.4  78.8    14.0   1.96  3.94   22.7   32.4
Colorado      84   12.4  86.0    9.4    2.75  2.74   27.0   27.5
Detroit       87   12.3  82.4    8.1    2.03  3.44   23.1   29.1
Islanders     87   11.5  82.3    10.7   1.95  3.47   22.6   29.1
Philly        85   11.2  82.4    10.2   2.16  3.51   23.6   30.2
Calgary       88   11.2  84.5    9.8    2.34  3.49   23.8   28.7
Washington    84   11.2  89.6    9.7    3.04  2.14   29.4   25.2
Montreal      87   11.1  82.4    9.1    2.28  2.84   24.0   27.1
</PRE>
<H3>Penalty Kill</H3>
<PRE>              GP    PP%   <b>PK%</b>   PIM/G   GF/G  GA/G   SF/G   SA/G
Chicago       83   13.8  91.4    8.8    3.05  2.48   28.4   25.3
Washington    84   11.2  89.6    9.7    3.04  2.14   29.4   25.2
San Jose      83   17.6  89.2    9.7    3.33  2.08   29.3   25.7
Anaheim       83   18.3  89.2    9.1    3.40  2.10   29.5   24.0
Carolina      82   13.6  88.8    10.3   3.26  2.74   30.2   26.3
Boston        84   14.1  88.6    9.8    3.01  2.48   27.1   26.3
Ottawa        85   13.8  88.1    8.8    2.74  2.25   27.4   25.7
Florida       83   15.0  87.7    10.8   3.27  2.54   27.6   26.3
New Jersey    83   19.5  87.7    6.9    3.46  2.47   30.2   25.2
Edmonton      85   17.3  87.1    9.8    3.12  2.72   28.7   24.5
Columbus      85   14.1  86.9    9.6    2.72  2.59   27.6   25.9
Pittsburgh    82   13.4  86.9    9.0    3.44  2.96   29.5   26.4
Rangers       86   13.9  86.6    7.4    3.22  2.51   28.5   24.6
LosAngeles    86   13.7  86.3    8.8    2.85  2.48   26.9   26.3
Dallas        89   12.8  86.2    14.5   2.30  2.78   22.7   27.0
Colorado      84   12.4  86.0    9.4    2.75  2.74   27.0   27.5
Nashville     85   12.8  85.5    7.9    2.86  2.98   27.6   26.6
Buffalo       84   14.0  85.4    11.5   2.71  2.82   26.3   26.4
Toronto       85   18.0  85.2    8.7    3.13  2.35   28.3   25.1
Winnipeg      85   12.7  85.1    8.6    2.39  3.52   25.4   28.7
Calgary       88   11.2  84.5    9.8    2.34  3.49   23.8   28.7
St. Louis     85   18.0  84.4    10.5   2.79  2.93   26.7   25.9
Tampa Bay     85   14.7  84.3    8.5    2.59  3.26   26.1   29.5
Vancouver     85   14.5  83.1    9.4    2.67  3.04   25.5   27.6
Minnesota     86   16.0  82.6    8.4    3.52  2.42   28.4   24.2
Montreal      87   11.1  82.4    9.1    2.28  2.84   24.0   27.1
Philly        85   11.2  82.4    10.2   2.16  3.51   23.6   30.2
Detroit       87   12.3  82.4    8.1    2.03  3.44   23.1   29.1
Islanders     87   11.5  82.3    10.7   1.95  3.47   22.6   29.1
Phoenix       85   12.4  78.8    14.0   1.96  3.94   22.7   32.4
</PRE>
<H3>Penalty Minutes</H3>
<PRE>              GP    PP%   PK%   <b>PIM/G</b>   GF/G  GA/G   SF/G   SA/G
Dallas        89   12.8  86.2    14.5   2.30  2.78   22.7   27.0
Phoenix       85   12.4  78.8    14.0   1.96  3.94   22.7   32.4
Buffalo       84   14.0  85.4    11.5   2.71  2.82   26.3   26.4
Florida       83   15.0  87.7    10.8   3.27  2.54   27.6   26.3
Islanders     87   11.5  82.3    10.7   1.95  3.47   22.6   29.1
St. Louis     85   18.0  84.4    10.5   2.79  2.93   26.7   25.9
Carolina      82   13.6  88.8    10.3   3.26  2.74   30.2   26.3
Philly        85   11.2  82.4    10.2   2.16  3.51   23.6   30.2
Calgary       88   11.2  84.5    9.8    2.34  3.49   23.8   28.7
Edmonton      85   17.3  87.1    9.8    3.12  2.72   28.7   24.5
Boston        84   14.1  88.6    9.8    3.01  2.48   27.1   26.3
San Jose      83   17.6  89.2    9.7    3.33  2.08   29.3   25.7
Washington    84   11.2  89.6    9.7    3.04  2.14   29.4   25.2
Columbus      85   14.1  86.9    9.6    2.72  2.59   27.6   25.9
Vancouver     85   14.5  83.1    9.4    2.67  3.04   25.5   27.6
Colorado      84   12.4  86.0    9.4    2.75  2.74   27.0   27.5
Montreal      87   11.1  82.4    9.1    2.28  2.84   24.0   27.1
Anaheim       83   18.3  89.2    9.1    3.40  2.10   29.5   24.0
Pittsburgh    82   13.4  86.9    9.0    3.44  2.96   29.5   26.4
LosAngeles    86   13.7  86.3    8.8    2.85  2.48   26.9   26.3
Ottawa        85   13.8  88.1    8.8    2.74  2.25   27.4   25.7
Chicago       83   13.8  91.4    8.8    3.05  2.48   28.4   25.3
Toronto       85   18.0  85.2    8.7    3.13  2.35   28.3   25.1
Winnipeg      85   12.7  85.1    8.6    2.39  3.52   25.4   28.7
Tampa Bay     85   14.7  84.3    8.5    2.59  3.26   26.1   29.5
Minnesota     86   16.0  82.6    8.4    3.52  2.42   28.4   24.2
Detroit       87   12.3  82.4    8.1    2.03  3.44   23.1   29.1
Nashville     85   12.8  85.5    7.9    2.86  2.98   27.6   26.6
Rangers       86   13.9  86.6    7.4    3.22  2.51   28.5   24.6
New Jersey    83   19.5  87.7    6.9    3.46  2.47   30.2   25.2
</PRE>
<H3>Team Scoring</H3>
<PRE>              GP    PP%   PK%   PIM/G   <b>GF/G</b>  GA/G   SF/G   SA/G
Minnesota     86   16.0  82.6    8.4    3.52  2.42   28.4   24.2
New Jersey    83   19.5  87.7    6.9    3.46  2.47   30.2   25.2
Pittsburgh    82   13.4  86.9    9.0    3.44  2.96   29.5   26.4
Anaheim       83   18.3  89.2    9.1    3.40  2.10   29.5   24.0
San Jose      83   17.6  89.2    9.7    3.33  2.08   29.3   25.7
Florida       83   15.0  87.7    10.8   3.27  2.54   27.6   26.3
Carolina      82   13.6  88.8    10.3   3.26  2.74   30.2   26.3
Rangers       86   13.9  86.6    7.4    3.22  2.51   28.5   24.6
Toronto       85   18.0  85.2    8.7    3.13  2.35   28.3   25.1
Edmonton      85   17.3  87.1    9.8    3.12  2.72   28.7   24.5
Chicago       83   13.8  91.4    8.8    3.05  2.48   28.4   25.3
Washington    84   11.2  89.6    9.7    3.04  2.14   29.4   25.2
Boston        84   14.1  88.6    9.8    3.01  2.48   27.1   26.3
Nashville     85   12.8  85.5    7.9    2.86  2.98   27.6   26.6
LosAngeles    86   13.7  86.3    8.8    2.85  2.48   26.9   26.3
St. Louis     85   18.0  84.4    10.5   2.79  2.93   26.7   25.9
Colorado      84   12.4  86.0    9.4    2.75  2.74   27.0   27.5
Ottawa        85   13.8  88.1    8.8    2.74  2.25   27.4   25.7
Columbus      85   14.1  86.9    9.6    2.72  2.59   27.6   25.9
Buffalo       84   14.0  85.4    11.5   2.71  2.82   26.3   26.4
Vancouver     85   14.5  83.1    9.4    2.67  3.04   25.5   27.6
Tampa Bay     85   14.7  84.3    8.5    2.59  3.26   26.1   29.5
Winnipeg      85   12.7  85.1    8.6    2.39  3.52   25.4   28.7
Calgary       88   11.2  84.5    9.8    2.34  3.49   23.8   28.7
Dallas        89   12.8  86.2    14.5   2.30  2.78   22.7   27.0
Montreal      87   11.1  82.4    9.1    2.28  2.84   24.0   27.1
Philly        85   11.2  82.4    10.2   2.16  3.51   23.6   30.2
Detroit       87   12.3  82.4    8.1    2.03  3.44   23.1   29.1
Phoenix       85   12.4  78.8    14.0   1.96  3.94   22.7   32.4
Islanders     87   11.5  82.3    10.7   1.95  3.47   22.6   29.1
</PRE>
<H3>Team Defence</H3>
<PRE>              GP    PP%   PK%   PIM/G   GF/G  <b>GA/G</b>   SF/G   SA/G
San Jose      83   17.6  89.2    9.7    3.33  2.08   29.3   25.7
Anaheim       83   18.3  89.2    9.1    3.40  2.10   29.5   24.0
Washington    84   11.2  89.6    9.7    3.04  2.14   29.4   25.2
Ottawa        85   13.8  88.1    8.8    2.74  2.25   27.4   25.7
Toronto       85   18.0  85.2    8.7    3.13  2.35   28.3   25.1
Minnesota     86   16.0  82.6    8.4    3.52  2.42   28.4   24.2
New Jersey    83   19.5  87.7    6.9    3.46  2.47   30.2   25.2
Boston        84   14.1  88.6    9.8    3.01  2.48   27.1   26.3
LosAngeles    86   13.7  86.3    8.8    2.85  2.48   26.9   26.3
Chicago       83   13.8  91.4    8.8    3.05  2.48   28.4   25.3
Rangers       86   13.9  86.6    7.4    3.22  2.51   28.5   24.6
Florida       83   15.0  87.7    10.8   3.27  2.54   27.6   26.3
Columbus      85   14.1  86.9    9.6    2.72  2.59   27.6   25.9
Edmonton      85   17.3  87.1    9.8    3.12  2.72   28.7   24.5
Colorado      84   12.4  86.0    9.4    2.75  2.74   27.0   27.5
Carolina      82   13.6  88.8    10.3   3.26  2.74   30.2   26.3
Dallas        89   12.8  86.2    14.5   2.30  2.78   22.7   27.0
Buffalo       84   14.0  85.4    11.5   2.71  2.82   26.3   26.4
Montreal      87   11.1  82.4    9.1    2.28  2.84   24.0   27.1
St. Louis     85   18.0  84.4    10.5   2.79  2.93   26.7   25.9
Pittsburgh    82   13.4  86.9    9.0    3.44  2.96   29.5   26.4
Nashville     85   12.8  85.5    7.9    2.86  2.98   27.6   26.6
Vancouver     85   14.5  83.1    9.4    2.67  3.04   25.5   27.6
Tampa Bay     85   14.7  84.3    8.5    2.59  3.26   26.1   29.5
Detroit       87   12.3  82.4    8.1    2.03  3.44   23.1   29.1
Islanders     87   11.5  82.3    10.7   1.95  3.47   22.6   29.1
Calgary       88   11.2  84.5    9.8    2.34  3.49   23.8   28.7
Philly        85   11.2  82.4    10.2   2.16  3.51   23.6   30.2
Winnipeg      85   12.7  85.1    8.6    2.39  3.52   25.4   28.7
Phoenix       85   12.4  78.8    14.0   1.96  3.94   22.7   32.4
</PRE>
<H3>Shots For</H3>
<PRE>              GP    PP%   PK%   PIM/G   GF/G  GA/G   <b>SF/G</b>   SA/G
New Jersey    83   19.5  87.7    6.9    3.46  2.47   30.2   25.2
Carolina      82   13.6  88.8    10.3   3.26  2.74   30.2   26.3
Anaheim       83   18.3  89.2    9.1    3.40  2.10   29.5   24.0
Pittsburgh    82   13.4  86.9    9.0    3.44  2.96   29.5   26.4
Washington    84   11.2  89.6    9.7    3.04  2.14   29.4   25.2
San Jose      83   17.6  89.2    9.7    3.33  2.08   29.3   25.7
Edmonton      85   17.3  87.1    9.8    3.12  2.72   28.7   24.5
Rangers       86   13.9  86.6    7.4    3.22  2.51   28.5   24.6
Minnesota     86   16.0  82.6    8.4    3.52  2.42   28.4   24.2
Chicago       83   13.8  91.4    8.8    3.05  2.48   28.4   25.3
Toronto       85   18.0  85.2    8.7    3.13  2.35   28.3   25.1
Florida       83   15.0  87.7    10.8   3.27  2.54   27.6   26.3
Nashville     85   12.8  85.5    7.9    2.86  2.98   27.6   26.6
Columbus      85   14.1  86.9    9.6    2.72  2.59   27.6   25.9
Ottawa        85   13.8  88.1    8.8    2.74  2.25   27.4   25.7
Boston        84   14.1  88.6    9.8    3.01  2.48   27.1   26.3
Colorado      84   12.4  86.0    9.4    2.75  2.74   27.0   27.5
LosAngeles    86   13.7  86.3    8.8    2.85  2.48   26.9   26.3
St. Louis     85   18.0  84.4    10.5   2.79  2.93   26.7   25.9
Buffalo       84   14.0  85.4    11.5   2.71  2.82   26.3   26.4
Tampa Bay     85   14.7  84.3    8.5    2.59  3.26   26.1   29.5
Vancouver     85   14.5  83.1    9.4    2.67  3.04   25.5   27.6
Winnipeg      85   12.7  85.1    8.6    2.39  3.52   25.4   28.7
Montreal      87   11.1  82.4    9.1    2.28  2.84   24.0   27.1
Calgary       88   11.2  84.5    9.8    2.34  3.49   23.8   28.7
Philly        85   11.2  82.4    10.2   2.16  3.51   23.6   30.2
Detroit       87   12.3  82.4    8.1    2.03  3.44   23.1   29.1
Dallas        89   12.8  86.2    14.5   2.30  2.78   22.7   27.0
Phoenix       85   12.4  78.8    14.0   1.96  3.94   22.7   32.4
Islanders     87   11.5  82.3    10.7   1.95  3.47   22.6   29.1
</PRE>
<H3>Shots Against</H3>
<PRE>              GP    PP%   PK%   PIM/G   GF/G  GA/G   SF/G   <b>SA/G</b>
Anaheim       83   18.3  89.2    9.1    3.40  2.10   29.5   24.0
Minnesota     86   16.0  82.6    8.4    3.52  2.42   28.4   24.2
Edmonton      85   17.3  87.1    9.8    3.12  2.72   28.7   24.5
Rangers       86   13.9  86.6    7.4    3.22  2.51   28.5   24.6
Toronto       85   18.0  85.2    8.7    3.13  2.35   28.3   25.1
Washington    84   11.2  89.6    9.7    3.04  2.14   29.4   25.2
New Jersey    83   19.5  87.7    6.9    3.46  2.47   30.2   25.2
Chicago       83   13.8  91.4    8.8    3.05  2.48   28.4   25.3
Ottawa        85   13.8  88.1    8.8    2.74  2.25   27.4   25.7
San Jose      83   17.6  89.2    9.7    3.33  2.08   29.3   25.7
Columbus      85   14.1  86.9    9.6    2.72  2.59   27.6   25.9
St. Louis     85   18.0  84.4    10.5   2.79  2.93   26.7   25.9
LosAngeles    86   13.7  86.3    8.8    2.85  2.48   26.9   26.3
Boston        84   14.1  88.6    9.8    3.01  2.48   27.1   26.3
Carolina      82   13.6  88.8    10.3   3.26  2.74   30.2   26.3
Florida       83   15.0  87.7    10.8   3.27  2.54   27.6   26.3
Pittsburgh    82   13.4  86.9    9.0    3.44  2.96   29.5   26.4
Buffalo       84   14.0  85.4    11.5   2.71  2.82   26.3   26.4
Nashville     85   12.8  85.5    7.9    2.86  2.98   27.6   26.6
Dallas        89   12.8  86.2    14.5   2.30  2.78   22.7   27.0
Montreal      87   11.1  82.4    9.1    2.28  2.84   24.0   27.1
Colorado      84   12.4  86.0    9.4    2.75  2.74   27.0   27.5
Vancouver     85   14.5  83.1    9.4    2.67  3.04   25.5   27.6
Winnipeg      85   12.7  85.1    8.6    2.39  3.52   25.4   28.7
Calgary       88   11.2  84.5    9.8    2.34  3.49   23.8   28.7
Islanders     87   11.5  82.3    10.7   1.95  3.47   22.6   29.1
Detroit       87   12.3  82.4    8.1    2.03  3.44   23.1   29.1
Tampa Bay     85   14.7  84.3    8.5    2.59  3.26   26.1   29.5
Philly        85   11.2  82.4    10.2   2.16  3.51   23.6   30.2
Phoenix       85   12.4  78.8    14.0   1.96  3.94   22.7   32.4
</PRE>
</HTML>
